0.000000
0.513864
0.034452
0.038289
0.897862
0.738721
0.393883
0.606448
0.230407
0.355225
0.223279
0.932995
0.497057
0.601563
0.671822
0.011729
0.757472
0.535342
0.381245
0.684126
0.925365
0.122823
0.024763
0.946352
0.544753
0.912137
0.500320
0.574622
0.267375
0.134238
0.746862
0.662680
0.750024
0.575342
0.652430
0.165132
0.190564
0.064593
0.022777
0.040393
0.221362
0.920721
0.079301
0.086985
0.378889
0.201434
0.455012
0.066959
0.868250
0.099287
0.157303
0.210158
0.841380
0.327794
0.466263
0.693104
0.907664
0.841520
0.237292
0.186241
0.095731
0.733906
0.576759
0.063280
0.985168
0.656586
0.359456
0.366414
0.226902
0.603925
0.556607
0.121132
0.171010
0.406557
0.843159
0.094405
0.820702
0.777644
0.453136
0.589968
0.831215
0.255630
0.751780
0.374470
0.772392
0.887217
0.493240
0.328229
0.373676
0.994343
0.232563
0.914352
0.970275
0.868873
0.860724
0.059956
0.869251
0.738796
0.731459
0.543256
0.854286
0.849638
0.348643
0.480259
0.547857
0.004871
0.082966
0.004816
0.849594
0.409052
0.886652
0.735786
0.169559
0.157446
0.474978
0.125061
0.675190
0.215888
0.943342
0.280193
0.270671
0.234620
0.288624
0.355390
0.527479
0.039872
0.803593
0.104611
0.284842
0.146925
0.813116
0.690533
0.138880
0.138402
0.720909
0.343115
0.539158
0.251552
0.835589
0.961527
0.711417
0.018263
0.944769
0.253192
0.125227
0.301563
0.105950
0.503679
0.725308
0.572350
0.622965
0.571213
0.645279
0.770114
0.676714
0.199540
0.622569
0.591385
0.578948
0.242900
0.833259
0.549673
0.117854
0.896867
0.365596
0.650636
0.964175
0.528791
0.050919
0.026238
0.606643
0.201600
0.870768
0.371636
0.785446
0.484715
0.658910
0.528555
0.892498
0.645823
0.317036
0.058899
0.307254
0.817256
0.262882
0.152339
0.136823
0.230738
0.329519
0.711645
0.329125
0.114226
0.834570
0.959492
0.627851
0.344631
0.038095
0.410511
0.337963
0.450130
0.707896
0.552319
0.370493
0.055844
0.010998
0.079278
0.535393
0.366634
0.450053
0.022750
0.551177
0.780739
0.063410
0.621580
0.740108
0.228039
0.607609
0.276560
0.877692
0.326669
0.941054
0.432633
0.165207
0.951745
0.327594
0.732582
0.794036
0.309949
0.878790
0.285947
0.070544
0.113722
0.853594
0.396932
0.570254
0.948821
0.034207
0.595046
0.290069
0.428978
0.896849
0.312224
0.267287
0.231426
0.796216
0.050188
0.634172
0.607028
0.882343
0.381789
0.576811
0.458770
0.968648
0.630083
0.167028
0.582361
0.069898
0.568896
0.536085
0.162693
0.828843
0.988613
0.358940
0.119912
0.550271
0.470967
0.117792
0.398842
0.061243
0.216548
0.113681
0.795528
0.116242
0.268802
0.694882
0.414633
0.565993
0.978267
0.670842
0.351440
0.008714
0.050790
0.380421
0.692225
0.142527
0.023477
0.383172
0.426727
0.537802
0.512133
0.242427
0.366487
0.048165
0.073930
0.368922
0.662788
0.578931
0.029063
0.393721
0.017965
0.431708
0.085142
0.039190
0.183812
0.943924
0.108061
0.956765
0.840856
0.642027
0.883113
0.500266
0.452242
0.627102
0.210077
0.903511
0.185970
0.411664
0.176047
0.830973
0.499248
0.926374
0.949745
0.770239
0.478702
0.915420
0.941066
0.235011
0.530195
0.439330
0.669607
0.247407
0.512003
0.703949
0.185934
0.068304
0.905109
0.934339
0.389328
0.644488
0.114345
0.512356
0.085771
0.741340
0.494151
0.096639
0.129914
0.229821
0.192691
0.943785
0.494776
0.496515
0.408079
0.149431
0.612934
0.445449
0.150464
0.028019
0.832943
0.060480
0.103723
0.349975
0.334739
0.996965
0.680516
0.655068
0.347782
0.171483
0.864450
0.360681
0.015677
0.818355
0.933097
0.883766
0.751035
0.981709
0.655633
0.495206
0.424313
0.911843
0.058823
0.125364
0.230396
0.334632
0.355124
0.839543
0.576651
0.062735
0.126644
0.202124
0.836230
0.917350
0.358714
0.248121
0.310348
0.429260
0.416814
0.280913
0.243294
0.287934
0.560612
0.214893
0.233936
0.007417
0.088861
0.681794
0.887450
0.777772
0.708906
0.619432
0.051040
0.970816
0.224552
0.561625
0.477389
0.268908
0.136036
0.348028
0.259596
0.885524
0.245866
0.472648
0.881348
0.846391
0.864260
0.789774
0.226071
0.799908
0.707958
0.796084
0.388827
0.325618
0.086126
0.207668
0.634680
0.209478
0.467134
0.050728
0.347312
0.654673
0.019936
0.984700
0.311607
0.896730
0.223813
0.076543
0.173988
0.191677
0.140221
0.744953
0.424221
0.645995
0.440502
0.093252
0.742465
0.857127
0.783203
0.349690
0.055298
0.833274
0.634758
0.633930
0.144488
0.161243
0.127270
0.768449
0.152237
0.891090
0.047164
0.353605
0.826664
0.106310
0.548440
0.825140
0.851279
0.648327
0.684293
0.712843
0.102176
0.964023
0.350833
0.819139
0.176728
0.545074
0.736676
0.536348
0.037502
0.927827
0.872135
0.021374
0.115168
0.722473
0.371775
0.446552
0.714135
0.640268
0.964075
0.045430
0.064681
0.987556
0.901950
0.172212
0.865303
0.595329
0.847885
0.093633
0.659068
0.653095
0.327425
0.732000
0.887684
0.415779
0.344775
0.078151
0.967066
0.252440
0.254260
0.493100
0.228129
0.005514
0.481397
0.617083
0.066568
0.129370
0.187320
0.104799
0.145376
0.576903
0.470319
0.905554
0.993839
0.902929
0.198239
0.307086
0.846773
0.553127
0.065488
0.461810
0.067739
0.807275
0.968397
0.614237
0.999996
0.345531
0.292703
0.748311
0.588938
0.906521
0.206879
0.873418
0.619765
0.005960
0.555082
0.667823
0.914138
0.184581
0.443452
0.698271
0.329567
0.754105
0.113531
0.934515
0.905288
0.510011
0.196530
0.777514
0.998369
0.379850
0.942214
0.320051
0.753805
0.475857
0.516143
0.058530
0.752343
0.520612
0.959020
0.774684
0.179795
0.114493
0.901904
0.805965
0.361582
0.813685
0.631030
0.423349
0.006266
0.487470
0.595983
0.535317
0.001816
0.923585
0.954992
0.436756
0.108353
0.150356
0.251071
0.821533
0.391136
0.444395
0.812782
0.777488
0.737530
0.492582
0.973349
0.982603
0.301709
0.677105
0.701881
0.821091
0.220837
0.952286
0.740460
0.638153
0.446498
0.281960
0.840834
0.852166
0.035092
0.106154
0.194474
0.143036
0.740981
0.805801
0.649729
0.435470
0.256110
0.634266
0.809859
0.895931
0.939868
0.084407
0.605658
0.662001
0.382928
0.159940
0.436451
0.522931
0.648824
0.519846
0.473190
0.270098
0.537017
0.964576
0.217418
0.936144
0.711183
0.232809
0.909836
0.641532
0.036503
0.577496
0.882233
0.267279
0.969668
0.089962
0.446523
0.672601
0.345387
0.240793
0.414643
0.676244
0.403112
0.606285
0.843059
0.520222
0.397762
0.249172
0.095634
0.034739
0.638173
0.722417
0.818601
0.223026
0.297034
0.164791
0.921402
0.484851
0.836058
0.457001
0.157127
0.197452
0.390138
0.907113
0.396323
0.872644
0.954236
0.434027
0.187903
0.608842
0.716758
0.717741
0.700921
0.056759
0.383161
0.285173
0.640951
0.617530
0.833546
0.000266
0.234833
0.092000
0.957987
0.927153
0.877519
0.499941
0.013341
0.035110
0.534785
0.287935
0.345292
0.714059
0.495550
0.644682
0.819386
0.569370
0.567554
0.142483
0.804792
0.464705
0.310148
0.423636
0.054550
0.281662
0.397940
0.150514
0.326060
0.364968
0.709052
0.938057
0.085543
0.121964
0.231735
0.487440
0.140249
0.745138
0.383099
0.639663
0.542138
0.526459
0.833691
0.567808
0.606806
0.732254
0.431695
0.826727
0.391386
0.507382
0.320486
0.478893
0.475193
0.777455
0.843288
0.015177
0.386840
0.617859
0.328700
0.289296
0.521605
0.058318
0.350828
0.184684
0.892768
0.791756
0.557775
0.232534
0.560691
0.756206
0.662243
0.899759
0.083377
0.058517
0.687991
0.765633
0.832268
0.208608
0.065906
0.305844
0.517027
0.133014
0.673430
0.502726
0.763046
0.936486
0.411101
0.000408
0.085453
0.880385
0.409947
0.023642
0.103341
0.546618
0.463495
0.779042
0.337984
0.655882
0.778138
0.557505
0.438795
0.508940
0.635607
0.256548
0.180758
0.519711
0.061310
0.541321
0.077100
0.808891
0.092273
0.363038
0.950946
0.326881
0.738446
0.053579
0.309710
0.474758
0.231117
0.715023
0.865966
0.692042
0.652180
0.122839
0.048561
0.980016
0.538022
0.861511
0.847704
0.829332
0.551760
0.911329
0.837795
0.520676
0.817595
0.405099
0.721734
0.267219
0.011019
0.773536
0.240471
0.167626
0.798638
0.998065
0.791533
0.438349
0.721345
0.189804
0.600291
0.893978
0.114615
0.213464
0.787705
0.144383
0.159647
0.574924
0.178312
0.477406
0.659124
0.291223
0.192193
0.895846
0.631326
0.961729
0.664672
0.277496
0.316361
0.759229
0.937505
0.126969
0.688243
0.559688
0.065301
0.888084
0.066593
0.929431
0.480927
0.285533
0.921688
0.188499
0.963647
0.664606
0.466625
0.268926
0.253745
0.797711
0.130347
0.586684
0.157388
0.126437
0.505268
0.646058
0.485464
0.907916
0.863273
0.595182
0.670159
0.234234
0.833810
0.451508
0.403022
0.393639
0.337855
0.215941
0.138260
0.542287
0.371481
0.594392
0.805016
0.155298
0.732784
0.545515
0.572385
0.225852
0.285926
0.373351
0.010914
0.681079
0.856026
0.583657
0.494335
0.983504
0.348672
0.222647
0.185280
0.386780
0.187785
0.916910
0.448738
0.814476
0.665595
0.333253
0.036987
0.830655
0.298477
0.277205
0.889767
0.671005
0.782392
0.148954
0.893438
0.803259
0.641696
0.975450
0.442863
0.985673
0.165047
0.737433
0.149787
0.292289
0.722183
0.210129
0.541446
0.073754
0.055301
0.036370
0.093156
0.322429
0.638798
0.250890
0.438641
0.410554
0.701121
0.974533
0.101850
0.670197
0.002482
0.497144
0.593994
0.783760
0.962169
0.467873
0.219583
0.453782
0.229232
0.411655
0.435188
0.320779
0.290267
0.290616
0.104691
0.597894
0.208067
0.329137
0.494767
0.391083
0.084873
0.821360
0.354354
0.173604
0.343997
0.139845
0.921852
0.383553
0.423543
0.664166
0.203813
0.613191
0.975993
0.848169
0.368859
0.358825
0.167403
0.144653
0.600589
0.799982
0.169954
0.006229
0.253218
0.576629
0.441617
0.681092
0.653701
0.033197
0.886675
0.022470
0.394093
0.898138
0.490855
0.030496
0.457889
0.867795
0.524819
0.345250
0.024103
0.063307
0.909765
0.409721
0.292827
0.829316
0.838885
0.521442
0.176032
0.843220
0.248436
0.491553
0.197344
0.003723
0.232172
0.130022
0.444559
0.067432
0.992874
0.275805
0.918645
0.502250
0.424755
0.590663
0.122969
0.526315
0.920463
0.835410
0.236525
0.801242
0.496449
0.847330
0.714875
0.748399
0.830440
0.937515
0.662593
0.956999
0.304778
0.926877
0.820934
0.652717
0.649361
0.539576
0.514488
0.695622
0.277947
0.372633
0.400570
0.076147
0.911569
0.160448
0.365097
0.377857
0.582805
0.553003
0.408690
0.175762
0.614664
0.126482
0.866774
0.838934
0.667822
0.845060
0.807402
0.706164
0.449974
0.692618
0.950563
0.103417
0.181047
0.693133
0.952735
0.171837
0.408018
0.038480
0.400409
0.975044
0.263089
0.542412
0.356358
0.854483
0.758980
0.139465
0.802384
0.501569
0.215074
0.647529
0.822300
0.715374
0.408175
0.512843
0.868902
0.314613
0.541623
0.756163
0.958665
0.172686
0.626520
0.838848
0.137937
0.844500
0.368815
0.667625
0.064353
0.753852
0.156000
0.456769
0.047246
0.410103
0.237159
0.666458
0.390781
0.622899
0.690137
0.736049
0.383583
0.183691
0.269560
0.831027
0.778595
0.982797
0.729463
0.322375
0.106920
0.030769
0.714289
0.217115
0.669398
0.352798
0.811983
0.258772
0.549667
0.224923
0.862955
0.916513
0.492461
0.720783
0.118648
0.981700
0.990887
0.037665
0.343467
0.990621
0.426444
0.570604
0.453820
0.192143
0.605519
0.203274
0.788009
0.279034
0.536119
0.784429
0.600744
0.601707
0.788594
0.258641
0.876005
0.083139
0.284082
0.420085
0.052018
0.553710
0.854454
0.758116
0.752089
0.724711
0.417476
0.363402
0.115054
0.519279
0.110971
0.363345
0.819075
0.979502
0.229707
0.855556
0.392557
0.468442
0.308769
0.808121
0.905921
0.385838
0.197168
0.895415
0.637986
0.116221
0.465436
0.738221
0.810707
0.428212
0.990951
0.516880
0.986027
0.043730
0.064748
0.426255
0.218591
0.595880
0.863569
0.941230
0.558060
0.694261
0.630888
0.361509
0.994791
0.316448
0.410677
0.604466
0.442628
0.244387
0.677659
0.714785
0.852544
0.764474
0.707786
0.059653
0.050905
0.350048
0.032711
0.678248
0.396079
0.545057
0.821986
0.754268
0.847167
0.767649
0.536752
0.680270
0.538584
0.252431
0.698661
0.682539
0.454258
0.850153
0.117774
0.475272
0.295178
0.903560
0.423210
0.912791
0.134062
0.918173
0.240265
0.108568
0.950876
0.246732
0.857768
0.989789
0.642967
0.506069
0.729431
0.756212
0.603558
0.945149
0.652920
0.212083
0.462340
0.483037
0.970417
0.439836
0.081941
0.635529
0.634420
0.784350
0.403990
0.049210
0.482520
0.616498
0.238546
0.861688
0.564915
0.844741
0.590638
0.606743
0.868413
0.643524
0.617664
0.883147
0.280660
0.367219
0.811391
0.505913
0.138362
0.118354
0.498329
0.358713
0.203235
0.938908
0.252202
0.666212
0.409443
0.093382
0.312285
0.905083
0.226267
0.412435
0.601347
0.072438
0.979763
0.165803
0.436954
0.530432
0.977149
0.433274
0.529887
0.145790
0.777679
0.442456
0.363406
0.943006
0.453755
0.842089
0.547142
0.989963
0.186015
0.379665
0.239328
0.734723
0.036164
0.952078
0.231157
0.512242
0.241281
0.498087
0.786989
0.439757
0.873372
0.701316
0.834171
0.419593
0.207893
0.972553
0.596214
0.468139
0.645019
0.680101
0.263086
0.089757
0.527391
0.096915
0.792352
0.914348
0.698100
0.033297
0.434937
0.317350
0.142656
0.623883
0.079239
0.240904
0.558689
0.237676
0.007358
0.934946
0.197134
0.979876
0.157175
0.836963
0.818655
0.754263
0.484053
0.309180
0.109048
0.354863
0.515887
0.451912
0.397382
0.555679
0.695266
0.711839
0.020622
0.667204
0.602498
0.503959
0.178488
0.528488
0.653243
0.565953
0.622298
0.403500
0.364500
0.263730
0.021542
0.750536
0.782711
0.566891
0.351951
0.333429
0.167718
0.912863
0.148785
0.643298
0.526337
0.678456
0.969117
0.099597
0.089282
0.477598
0.906847
0.999218
0.325205
0.003978
0.504201
0.682378
0.585593
0.637375
0.903466
0.884060
0.974277
0.532404
0.582703
0.739756
0.535295
0.408426
0.519207
0.414243
0.352869
0.759397
0.124435
0.822173
0.657240
0.702368
0.794183
0.409192
0.530113
0.183427
0.417738
0.462372
0.303460
0.759798
0.689770
0.918677
0.245433
0.676867
0.568703
0.140237
0.627135
0.458885
0.725327
0.625158
0.764006
0.732083
0.325387
0.122640
0.125560
0.498967
0.989915
0.121131
0.107237
0.582531
0.277037
0.178286
0.558114
0.459142
0.529019
0.061468
0.658224
0.198848
0.428301
0.167552
0.239233
0.731861
0.106259
0.190764
0.142229
0.159951
0.148454
0.507335
0.706372
0.331525
0.340116
0.245680
0.982146
0.399122
0.495613
0.510894
0.762980
0.578077
0.215649
0.732283
0.028969
0.825112
0.915957
0.602695
0.896463
0.655595
0.971211
0.578397
0.667261
0.818226
0.317943
0.408252
0.071160
0.045887
0.360171
0.660940
0.295623
0.601421
0.521530
0.718974
0.896302
0.837083
0.287630
0.208271
0.182165
0.486402
0.082394
0.332007
0.168991
0.907231
0.822142
0.077534
0.694969
0.994708
0.491146
0.765078
0.792161
0.982891
0.582432
0.906999
0.907565
0.853815
0.747554
0.846338
0.067551
0.572725
0.499114
0.143411
0.579394
0.868223
0.309758
0.179208
0.363673
0.776095
0.951412
0.944328
0.511278
0.665553
0.418494
0.482220
0.158778
0.966654
0.278875
0.955466
0.275893
0.317638
0.796307
0.803863
0.458830
0.350941
0.668099
0.963048
0.323230
0.836623
0.721772
0.612425
0.590468
0.401975
0.414445
0.421139
0.461071
0.546049
0.478714
0.760839
0.368983
0.167848
0.558757
0.853998
0.710454
0.326956
0.180427
0.326523
0.641278
0.455319
0.899081
0.133416
0.536143
0.738970
0.968889
0.326228
0.203843
0.888408
0.377384
0.631063
0.452096
0.016404
0.588986
0.305879
0.095722
0.841987
0.841272
0.245831
0.001933
0.939342
0.337724
0.805419
0.266480
0.250381
0.180711
0.306176
0.114408
0.579741
0.388456
0.698656
0.619175
0.290953
0.839743
0.347465
0.833874
0.922523
0.490095
0.408100
0.428323
0.942703
0.703205
0.764317
0.425755
0.361665
0.041334
0.994814
0.132872
0.419860
0.358452
0.337947
0.857010
0.071296
0.539864
0.123252
0.504162
0.480479
0.732068
0.638511
0.651608
0.251791
0.406596
0.901109
0.188905
0.610028
0.101592
0.302449
0.120992
0.250864
0.184876
0.594157
0.627144
0.079988
0.482234
0.184831
0.969549
0.559661
0.114705
0.216095
0.345228
0.881445
0.388592
0.386695
0.275081
0.683854
0.081960
0.993391
0.623778
0.533680
0.971373
0.157397
0.844270
0.889736
0.942609
0.705123
0.540654
0.767771
0.529112
0.671952
0.943149
0.825313
0.221932
0.897827
0.388929
0.085177
0.394890
0.683376
0.402570
0.016399
0.188739
0.975339
0.469853
0.191339
0.198050
0.050035
0.098675
0.237710
0.304589
0.163637
0.260824
0.304271
0.500922
0.137982
0.808361
0.758956
0.048010
0.350687
0.958357
0.338155
0.810535
0.098307
0.439750
0.465936
0.113715
0.801288
0.396050
0.961930
0.965342
0.019475
0.637660
0.856634
0.986822
0.746910
0.337556
0.532894
0.896933
0.954676
0.764072
0.912306
0.892076
0.850544
0.144551
0.905290
0.766758
0.824162
0.253598
0.843582
0.118061
0.546543
0.819700
0.113905
0.477843
0.192598
0.343950
0.711554
0.716425
0.255467
0.424631
0.932660
0.561511
0.921398
0.181411
0.923872
0.576095
0.473923
0.872898
0.308208
0.439099
0.696076
0.301301
0.605837
0.872498
0.739414
0.097954
0.668523
0.058678
0.428584
0.483447
0.846496
0.891778
0.470180
0.596118
0.106496
0.906769
0.534659
0.982652
0.819734
0.230015
0.680042
0.344544
0.438530
0.395067
0.086167
0.134163
0.780369
0.367446
0.568244
0.094189
0.138132
0.622156
0.838444
0.334141
0.935245
0.617681
0.984301
0.037783
0.144507
0.510225
0.132643
0.395126
0.189328
0.451923
0.767839
0.852797
0.546152
0.316795
0.673075
0.276512
0.766794
0.198185
0.963440
0.119413
0.139450
0.521430
0.179554
0.190010
0.707131
0.115514
0.910487
0.113490
0.862264
0.087459
0.914741
0.080121
0.236225
0.843201
0.208006
0.974535
0.102529
0.098695
0.086487
0.479601
0.012458
0.225010
0.554509
0.248672
0.881848
0.771154
0.125179
0.739933
0.247803
0.508387
0.462841
0.806610
0.914084
0.839769
0.836079
0.636793
0.703913
0.918686
0.850019
0.136611
0.538955
0.320118
0.426673
0.350521
0.563218
0.608385
0.502083
0.012459
0.530627
0.645133
0.409012
0.821590
0.175019
0.981303
0.413931
0.536430
0.781309
0.176827
0.377055
0.481070
0.676580
0.391821
0.004170
0.557260
0.859843
0.093005
0.659015
0.356104
0.489222
0.219103
0.204955
0.463113
0.445304
0.648989
0.844701
0.550371
0.689420
0.316308
0.426834
0.349552
0.635588
0.814334
0.187864
0.099558
0.254891
0.834815
0.398596
0.562504
0.131009
0.284547
0.883537
0.201826
0.185692
0.423440
0.882106
0.616234
0.292890
0.867807
0.220383
0.823283
0.500314
0.802652
0.262159
0.486307
0.077161
0.246680
0.608034
0.678448
0.106772
0.713797
0.011313
0.277563
0.842949
0.114842
0.479441
0.585722
0.548703
0.243311
0.029743
0.267082
0.036173
0.688798
0.068210
0.197857
0.626458
0.521943
0.860078
0.322156
0.748137
0.594595
0.060954
0.107425
0.893193
0.798972
0.777246
0.693253
0.149126
0.129548
0.124630
0.327284
0.025969
0.891427
0.753321
0.181989
0.796997
0.898953
0.308887
0.146051
0.071839
0.008303
0.297363
0.684099
0.820775
0.827811
0.323407
0.358567
0.568946
0.949782
0.170261
0.107399
0.979245
0.547540
0.690250
0.871369
0.542617
0.681452
0.974583
0.664761
0.594547
0.157701
0.771199
0.683156
0.376454
0.283525
0.619412
0.542080
0.360768
0.362712
0.670101
0.240259
0.558428
0.275056
0.660195
0.941239
0.027540
0.983568
0.010212
0.167109
0.301976
0.313159
0.513585
0.498086
0.958627
0.844560
0.586543
0.371708
0.042091
0.267231
0.547284
0.075393
0.565524
0.034996
0.893199
0.526095
0.806419
0.668168
0.044888
0.930831
0.616051
0.545912
0.525728
0.921814
0.461350
0.532583
0.045731
0.259940
0.417943
0.281802
0.458459
0.700389
0.833114
0.562024
0.059727
0.114090
0.877445
0.447327
0.196853
0.458784
0.703871
0.717197
0.657215
0.693458
0.432908
0.309040
0.804840
0.229879
0.682809
0.167181
0.933803
0.014993
0.863382
0.332100
0.807164
0.837934
0.952238
0.613647
0.850210
0.955385
0.972208
0.691996
0.966733
0.629060
0.888679
0.990079
0.447114
0.669034
0.145611
0.161260
0.936953
0.576688
0.558962
0.535989
0.934990
0.381017
0.786298
0.371191
0.789080
0.762038
0.091318
0.246141
0.658957
0.555063
0.622049
0.448570
0.414558
0.229583
0.921472
0.694763
0.938623
0.436511
0.889310
0.027381
0.802367
0.217527
0.913741
0.234774
0.782925
0.970291
0.391787
0.635529
0.191364
0.763263
0.357121
0.571996
0.479975
0.093882
0.434043
0.456557
0.097628
0.683851
0.836387
0.714373
0.061906
0.405288
0.630088
0.466368
0.216804
0.931481
0.978183
0.296195
0.644710
0.206004
0.586973
0.944941
0.201444
0.323944
0.072116
0.277312
0.643087
0.918984
0.463386
0.363053
0.313357
0.650100
0.566853
0.017355
0.860286
0.881611
0.403243
0.643994
0.950944
0.150348
0.441211
0.724954
0.452951
0.513667
0.844286
0.800287
0.051549
0.372092
0.450251
0.281955
0.770961
0.860298
0.701672
0.945408
0.368800
0.400215
0.246374
0.442643
0.072278
0.509986
0.426569
0.680504
0.624953
0.462540
0.375415
0.407957
0.112787
0.887517
0.939748
0.856111
0.538236
0.910307
0.147732
0.774710
0.611144
0.921949
0.440182
0.708873
0.725190
0.573635
0.384307
0.859808
0.588616
0.089580
0.088632
0.373264
0.478018
0.491995
0.037833
0.399468
0.583925
0.831921
0.566248
0.768300
0.416925
0.019677
0.688811
0.623439
0.743094
0.348659
0.508157
0.859264
0.017463
0.306258
0.916645
0.704217
0.784290
0.765630
0.812061
0.294421
0.012873
0.152075
0.545733
0.581267
0.837666
0.677785
0.821827
0.416741
0.671432
0.238688
0.766561
0.160239
0.160207
0.067161
0.386086
0.650611
0.948794
0.734350
0.131799
0.887191
0.725572
0.595848
0.791820
0.263561
0.515335
0.274481
0.427393
0.697802
0.688940
0.273959
0.572961
0.502976
0.658495
0.317130
0.418659
0.341596
0.726850
0.502598
0.193983
0.107822
0.060126
0.873448
0.471377
0.081157
0.252050
0.491829
0.608495
0.195358
0.448831
0.613153
0.047884
0.766350
0.503336
0.053644
0.692836
0.522859
0.127310
0.345005
0.078169
0.283540
0.510397
0.769935
0.554669
0.124333
0.374703
0.872267
0.205966
0.379808
0.933660
0.535455
0.716572
0.322240
0.723935
0.223179
0.909848
0.862172
0.779134
0.475799
0.174636
0.114211
0.114058
0.256427
0.499321
0.171806
0.988251
0.240359
0.332055
0.934767
0.917597
0.641608
0.985916
0.333258
0.902714
0.670304
0.807722
0.792037
0.842892
0.214701
0.829285
0.278668
0.604335
0.841542
0.119821
0.779477
0.711441
0.708537
0.558294
0.546987
0.129885
0.482693
0.244423
0.962589
0.110246
0.858264
0.267117
0.358198
0.560933
0.768052
0.049077
0.640641
0.919156
0.881821
0.986327
0.062532
0.988693
0.485566
0.601407
0.983382
0.713209
0.335401
0.928996
0.964688
0.353865
0.579795
0.352704
0.042764
0.039979
0.343924
0.611782
0.523052
0.161481
0.069884
0.196516
0.139662
0.571917
0.206505
0.851027
0.923913
0.070747
0.342535
0.402251
0.625588
0.133695
0.376922
0.633847
0.030688
0.359888
0.819968
0.423762
0.019413
0.604551
0.819082
0.864232
0.708133
0.265991
0.002897
0.582944
0.519086
0.695633
0.737496
0.984132
0.521568
0.199850
0.888496
0.628329
0.888351
0.602342
0.682743
0.469557
0.811091
0.835808
0.763367
0.168678
0.718467
0.531673
0.031941
0.201668
0.140802
0.076601
0.371508
0.981573
0.064926
0.104564
0.844212
0.712871
0.123016
0.893204
0.457286
0.197018
0.459174
0.633238
0.091157
0.307911
0.617486
0.039670
0.683402
0.356023
0.295324
0.273542
0.262320
0.059964
0.305620
0.642981
0.923859
0.344205
0.591884
0.052299
0.345657
0.681734
0.639701
0.667885
0.931935
0.200378
0.128465
0.769645
0.183007
0.271546
0.167101
0.256742
0.383147
0.800149
0.957510
0.776376
0.200561
0.934437
0.229509
0.944369
0.293224
0.414511
0.291003
0.626290
0.514326
0.278253
0.037140
0.747882
0.811072
0.143434
0.762197
0.603533
0.410599
0.784739
0.117960
0.131543
0.386746
0.224464
0.062326
0.124940
0.201435
0.055638
0.141902
0.846597
0.314415
0.216313
0.952327
0.017382
0.455112
0.933780
0.120086
0.646124
0.650336
0.057453
0.649557
0.670107
0.601604
0.499179
0.979038
0.874876
0.505817
0.999713
0.589514
0.062083
0.913048
0.940124
0.509906
0.934126
0.715189
0.416867
0.562553
0.664346
0.859211
0.299276
0.692682
0.621508
0.878776
0.488233
0.225607
0.217340
0.837965
0.094757
0.395420
0.345862
0.780860
0.757264
0.988905
0.383263
0.280746
0.816249
0.448453
0.217078
0.182653
0.565143
0.277691
0.273408
0.133031
0.296085
0.093614
0.010939
0.990263
0.359375
0.168941
0.850509
0.709804
0.955342
0.808454
0.008967
0.797666
0.877385
0.403083
0.206085
0.926023
0.924937
0.505460
0.713262
0.804671
0.205104
0.770719
0.712781
0.902093
0.041719
0.106274
0.436353
0.109892
0.710572
0.874337
0.051717
0.944328
0.719564
0.490912
0.766034
0.378716
0.852526
0.265035
0.114825
0.900429
0.695467
0.821984
0.905212
0.886269
0.863992
0.954238
0.782199
0.889942
0.650638
0.243909
0.886752
0.935390
0.310886
0.300417
0.574433
0.409737
0.706594
0.957140
0.663317
0.649594
0.525602
0.270808
0.179969
0.814470
0.796254
0.667375
0.072213
0.141045
0.915605
0.078130
0.857442
0.172053
0.910032
0.409783
0.675235
0.053522
0.147030
0.192303
0.713017
0.494125
0.216929
0.748218
0.473509
0.480391
0.203272
0.727170
0.852738
0.341520
0.060631
0.349439
0.497334
0.257569
0.318580
0.202212
0.409874
0.804734
0.830600
0.932330
0.271029
0.631498
0.786650
0.679270
0.447255
0.859393
0.708167
0.592117
0.152776
0.302110
0.644224
0.274261
0.734622
0.096728
0.287627
0.499588
0.549461
0.840797
0.229674
0.043897
0.400970
0.829035
0.072335
0.975310
0.006520
0.483379
0.616607
0.247407
0.461890
0.570150
0.845793
0.938852
0.172786
0.298075
0.922449
0.983252
0.221911
0.890917
0.917753
0.732998
0.640324
0.728469
0.492047
0.200845
0.551850
0.649653
0.245302
0.322969
0.659285
0.511480
0.956254
0.087269
0.041150
0.597621
0.428961
0.870642
0.727741
0.970333
0.165532
0.829000
0.025225
0.359498
0.583779
0.683768
0.056535
0.682522
0.998539
0.748619
0.487807
0.788840
0.085421
0.540190
0.909121
0.522784
0.045724
0.816536
0.838284
0.698556
0.191271
0.387064
0.816409
0.081065
0.167925
0.537706
0.564048
0.966373
0.536517
0.415074
0.666611
0.455492
0.929956
0.213348
0.757840
0.015306
0.505249
0.507654
0.670079
0.420337
0.909206
0.577667
0.520089
0.669130
0.476553
0.065208
0.199156
0.968990
0.879231
0.809568
0.236257
0.382840
0.945604
0.204323
0.503012
0.231924
0.868347
0.919377
0.729187
0.848130
0.519757
0.331993
0.297496
0.769667
0.093226
0.510559
0.286443
0.973855
0.789648
0.094836
0.229972
0.240770
0.767487
0.916441
0.562653
0.241503
0.075279
0.703314
0.219169
0.444774
0.785291
0.711922
0.356854
0.435660
0.047117
0.630947
0.670021
0.740180
0.279935
0.600202
0.264839
0.749485
0.222188
0.688539
0.563510
0.837419
0.057445
0.674491
0.206493
0.265173
0.335168
0.473391
0.421516
0.966817
0.905171
0.054735
0.828146
0.809426
0.584479
0.193522
0.146651
0.421570
0.775379
0.899332
0.779909
0.183921
0.753380
0.866888
0.737113
0.475706
0.843848
0.791851
0.868023
0.770781
0.206066
0.895600
0.876520
0.677057
0.443460
0.502749
0.082199
0.513040
0.758754
0.015144
0.398763
0.515228
0.872793
0.126094
0.497965
0.270116
0.425785
0.618596
0.627843
0.464565
0.079721
0.591279
0.054006
0.548276
0.040712
0.455847
0.592716
0.402125
0.220001
0.549744
0.204513
0.606107
0.752395
0.707816
0.117141
0.400642
0.090871
0.636693
0.446520
0.934985
0.396098
0.435671
0.784517
0.896499
0.439641
0.107814
0.722255
0.114540
0.739577
0.405050
0.777733
0.232694
0.147290
0.850997
0.696479
0.043130
0.604179
0.285275
0.594008
0.576811
0.287054
0.773052
0.908829
0.543308
0.860933
0.223574
0.634736
0.213986
0.058028
0.561429
0.801165
0.342287
0.301644
0.794299
0.670330
0.214879
0.593753
0.820939
0.619915
0.427414
0.384987
0.323147
0.180063
0.478642
0.645810
0.585466
0.193411
0.776638
0.857602
0.586372
0.566917
0.150885
0.142420
0.204693
0.584243
0.463973
0.250185
0.885013
0.247423
0.416648
0.622031
0.605816
0.616594
0.139976
0.248585
0.494105
0.616505
0.668367
0.541914
0.930264
0.278589
0.887206
0.939895
0.486901
0.887323
0.048845
0.461758
0.545421
0.999637
0.450702
0.933548
0.934092
0.806121
0.369222
0.102262
0.431338
0.802776
0.843446
0.357407
0.478023
0.242066
0.401939
0.278729
0.942459
0.332014
0.326830
0.728865
0.281913
0.652094
0.548709
0.709663
0.944335
0.754674
0.766132
0.700932
0.354076
0.420753
0.883489
0.700357
0.325343
0.538741
0.360979
0.683335
0.247133
0.075047
0.570445
0.701490
0.883407
0.105200
0.750817
0.338605
0.132241
0.374280
0.656919
0.742722
0.587717
0.355385
0.495380
0.953176
0.248301
0.274901
0.241405
0.741286
0.215445
0.073318
0.930159
0.683479
0.726184
0.770343
0.016509
0.685581
0.363464
0.203057
0.396872
0.677032
0.787949
0.605873
0.186925
0.693768
0.835070
0.001037
0.848929
0.068534
0.321057
0.868431
0.762400
0.947360
0.401698
0.063416
0.831904
0.850963
0.827594
0.451477
0.225701
0.499821
0.939640
0.228416
0.839004
0.621667
0.748491
0.394833
0.575591
0.960157
0.941768
0.353668
0.041535
0.203457
0.162739
0.099526
0.744787
0.051507
0.404247
0.968558
0.394373
0.140700
0.861608
0.417633
0.392941
0.044742
0.088258
0.801566
0.116432
0.070419
0.797869
0.617127
0.074597
0.067055
0.156715
0.182614
0.546133
0.968377
0.910010
0.221714
0.782169
0.285557
0.185986
0.320409
0.371872
0.270178
0.321455
0.725685
0.863904
0.965869
0.552607
0.454784
0.237491
0.867360
0.914785
0.183753
0.316853
0.405717
0.195005
0.884044
0.722743
0.978486
0.280952
0.675902
0.454841
0.743524
0.750215
0.867310
0.698763
0.895239
0.043504
0.647226
0.951431
0.642007
0.065601
0.401864
0.058539
0.603515
0.557799
0.122777
0.257898
0.846767
0.085570
0.875486
0.822375
0.279520
0.985225
0.797405
0.396198
0.619885
0.113296
0.593809
0.618366
0.660859
0.742419
0.000605
0.126929
0.048516
0.447435
0.182650
0.537862
0.292634
0.325487
0.536359
0.492310
0.228481
0.393845
0.865366
0.365939
0.648535
0.509221
0.397980
0.734143
0.322863
0.652307
0.615187
0.186868
0.126934
0.921316
0.357954
0.586784
0.495597
0.078239
0.182569
0.364581
0.921980
0.991596
0.432789
0.945111
0.720068
0.819419
0.997530
0.898146
0.769694
0.276223
0.222854
0.907494
0.462705
0.827702
0.947000
0.152226
0.569056
0.156922
0.127221
0.193762
0.241568
0.745738
0.027158
0.962559
0.878109
0.915199
0.433516
0.938173
0.059951
0.168692
0.870785
0.116417
0.285044
0.181559
0.282758
0.857384
0.714968
0.280963
0.149598
0.208081
0.654298
0.759725
0.509200
0.793417
0.981152
0.867902
0.851599
0.869306
0.247648
0.825854
0.355179
0.631627
0.669045
0.702531
0.433421
0.374792
0.720301
0.502761
0.060956
0.593676
0.558797
0.307261
0.847664
0.622654
0.991993
0.809135
0.329562
0.905497
0.208751
0.090611
0.445248
0.489885
0.993079
0.983757
0.666637
0.840264
0.639047
0.858929
0.752748
0.562831
0.285628
0.184718
0.595281
0.136362
0.890207
0.703108
0.124746
0.242658
0.559516
0.563642
0.745890
0.790353
0.456734
0.260304
0.271167
0.225819
0.003521
0.714900
0.821006
0.224947
0.595706
0.350659
0.659628
0.359524
0.551416
0.499832
0.435157
0.831973
0.510365
0.989016
0.792781
0.872207
0.003064
0.245965
0.829705
0.890340
0.408714
0.771638
0.360655
0.979000
0.020509
0.321229
0.462682
0.859014
0.437114
0.637929
0.268001
0.862194
0.999071
0.083179
0.473641
0.044983
0.488869
0.007151
0.536634
0.026715
0.813441
0.203215
0.023500
0.646227
0.887830
0.290143
0.082781
0.030588
0.438776
0.365796
0.509378
0.169683
0.946980
0.776041
0.369420
0.590408
0.446786
0.342661
0.654447
0.224220
0.402034
0.893993
0.933626
0.061807
0.376836
0.442050
0.472772
0.688603
0.720028
0.849882
0.788914
0.294925
0.982035
0.332919
0.109155
0.254463
0.282917
0.638045
0.702583
0.864878
0.350331
0.244162
0.553978
0.344266
0.446166
0.427987
0.348062
0.677224
0.900604
0.538828
0.233051
0.404282
0.472344
0.326103
0.332250
0.948437
0.253760
0.663338
0.472450
0.572554
0.339719
0.512398
0.097862
0.561371
0.978828
0.471708
0.838362
0.721865
0.425851
0.752203
0.700771
0.795731
0.214048
0.924765
0.351934
0.877710
0.066184
0.282895
0.462354
0.433541
0.162967
0.164367
0.579110
0.011260
0.987645
0.075617
0.496834
0.239614
0.465537
0.962619
0.595477
0.207335
0.617230
0.471992
0.113626
0.817019
0.444201
0.546095
0.826113
0.207371
0.265606
0.195850
0.094678
0.837551
0.224995
0.795056
0.760422
0.327389
0.185697
0.739937
0.846815
0.647200
0.733633
0.817668
0.541988
0.750964
0.506285
0.127642
0.429085
0.246617
0.566609
0.899220
0.433408
0.197193
0.040598
0.049711
0.455102
0.646587
0.737286
0.826344
0.156147
0.963665
0.969907
0.375968
0.870388
0.598494
0.296990
0.586236
0.105371
0.344426
0.402117
0.042031
0.604718
0.699793
0.831106
0.440869
0.439800
0.422956
0.805365
0.311036
0.099463
0.874475
0.830170
0.376216
0.046545
0.240128
0.316610
0.410348
0.709937
0.228540
0.935962
0.926469
0.380954
0.337182
0.925228
0.543289
0.982736
0.280463
0.062602
0.373256
0.181458
0.673695
0.531606
0.275848
0.808084
0.566661
0.392643
0.319858
0.059412
0.920546
0.880734
0.298405
0.447177
0.621968
0.248163
0.640434
0.963939
0.127886
0.370803
0.562450
0.434527
0.335097
0.836861
0.804233
0.521775
0.768109
0.736794
0.792297
0.355305
0.679112
0.873150
0.574817
0.252111
0.153817
0.609075
0.371808
0.497685
0.816898
0.074250
0.084276
0.656440
0.230793
0.946992
0.606109
0.380186
0.581625
0.531282
0.282451
0.183395
0.745966
0.347464
0.358310
0.154019
0.332223
0.955364
0.761151
0.068600
0.790380
0.228580
0.061223
0.880430
0.183846
0.798701
0.953370
0.049508
0.717167
0.888187
0.104079
0.683042
0.613343
0.250682
0.707509
0.955247
0.434510
0.437487
0.594253
0.775198
0.439725
0.108970
0.236592
0.171465
0.073616
0.609631
0.493974
0.362309
0.179636
0.525601
0.442485
0.980169
0.031682
0.443311
0.132049
0.419195
0.777820
0.628074
0.615117
0.774576
0.389867
0.841355
0.090584
0.342426
0.712590
0.015445
0.506697
0.148951
0.706256
0.004321
0.466695
0.477673
0.476298
0.129420
0.780933
0.863451
0.183834
0.739090
0.509236
0.522044
0.430802
0.500454
0.837249
0.683973
0.213450
0.642460
0.630509
0.801432
0.037936
0.868838
0.010009
0.096994
0.291790
0.159739
0.792991
0.422860
0.464979
0.180795
0.142729
0.899415
0.314342
0.518342
0.271044
0.301820
0.565122
0.459576
0.537300
0.663407
0.243368
0.536378
0.787642
0.064620
0.232938
0.551553
0.278208
0.076251
0.150869
0.306252
0.026085
0.825728
0.134851
0.747310
0.931747
0.155188
0.636559
0.753253
0.516719
0.840114
0.814604
0.277738
0.620243
0.337255
0.620829
0.069150
0.898655
0.030597
0.173728
0.685132
0.471271
0.444134
0.512716
0.020783
0.556486
0.390183
0.327011
0.069279
0.441874
0.521995
0.752876
0.133663
0.632009
0.259414
0.832967
0.208559
0.517781
0.556337
0.731548
0.750559
0.410941
0.478711
0.299305
0.556030
0.287627
0.061836
0.081526
0.965094
0.084637
0.415714
0.363394
0.110529
0.892170
0.547186
0.346126
0.430342
0.886814
0.867630
0.047738
0.162764
0.348512
0.854943
0.022155
0.042416
0.605264
0.838576
0.490440
0.916403
0.249314
0.376368
0.977879
0.499068
0.468574
0.191921
0.050674
0.984176
0.837021
0.141274
0.245995
0.733275
0.407847
0.177629
0.789149
0.758963
0.453075
0.782866
0.191596
0.221842
0.693420
0.834608
0.323585
0.659887
0.362135
0.377587
0.055142
0.168987
0.946581
0.268048
0.059174
0.253411
0.951297
0.159960
0.870426
0.564942
0.526289
0.801766
0.794053
0.249434
0.304314
0.112434
0.757547
0.119542
0.290893
0.005552
0.699774
0.372375
0.150811
0.430226
0.590875
0.070819
0.734850
0.597513
0.676769
0.107279
0.190506
0.861166
0.042022
0.868600
0.500444
0.221412
0.084822
0.320902
0.792430
0.920539
0.997811
0.733094
0.264506
0.099017
0.848534
0.757807
0.069143
0.980930
0.353241
0.088494
0.000131
0.557442
0.937797
0.411460
0.325954
0.237069
0.179460
0.871562
0.613397
0.431492
0.223258
0.770322
0.885140
0.545671
0.266732
0.715229
0.955085
0.341004
0.706789
0.938943
0.285165
0.140284
0.042407
0.007187
0.207395
0.843197
0.126959
0.634053
0.854898
0.221129
0.863888
0.823481
0.645670
0.460008
0.939498
0.055661
0.662831
0.419947
0.686599
0.737107
0.775108
0.580440
0.672767
0.633147
0.841300
0.139842
0.106957
0.501599
0.842486
0.237908
0.658230
0.646352
0.285703
0.770122
0.780339
0.609631
0.722876
0.762576
0.135920
0.721677
0.728717
0.776145
0.214049
0.726603
0.181366
0.308707
0.734905
0.203172
0.189518
0.664164
0.935290
0.999241
0.509776
0.257005
0.328764
0.398634
0.798000
0.821170
0.034132
0.239185
0.538379
0.491956
0.266049
0.700699
0.993995
0.229731
0.081477
0.981589
0.022619
0.554176
0.975757
0.582934
0.101488
0.057844
0.422034
0.418709
0.404827
0.667751
0.947799
0.470935
0.277840
0.123773
0.842282
0.208501
0.950948
0.642583
0.088465
0.488414
0.838004
0.235893
0.613443
0.158211
0.262248
0.651734
0.450900
0.078301
0.953742
0.407539
0.909447
0.782973
0.162043
0.883769
0.340564
0.498832
0.727852
0.946841
0.599904
0.739399
0.957411
0.070097
0.795708
0.194643
0.643375
0.421575
0.418073
0.134175
0.075917
0.887321
0.442838
0.042868
0.387824
0.499004
0.503825
0.707653
0.077324
0.234576
0.727187
0.474228
0.052396
0.660723
0.321620
0.892446
0.040318
0.385875
0.518182
0.469125
0.706195
0.792500
0.953470
0.747023
0.324225
0.017454
0.089912
0.428742
0.345448
0.649123
0.766909
0.764300
0.705729
0.110114
0.476599
0.921127
0.217725
0.194242
0.457964
0.555234
0.890590
0.726564
0.203065
0.302296
0.521158
0.815212
0.469120
0.407419
0.400365
0.663767
0.390202
0.212320
0.478658
0.412939
0.782292
0.718680
0.834127
0.980283
0.235440
0.946423
0.787136
0.366721
0.086791
0.305662
0.505179
0.398610
0.868214
0.701072
0.441721
0.374097
0.322296
0.587429
0.452778
0.582534
0.580438
0.695075
0.934978
0.165682
0.596820
0.644055
0.828854
0.289466
0.431967
0.165672
0.831128
0.095020
0.479680
0.150219
0.659723
0.397790
0.231071
0.239629
0.715264
0.603422
0.669465
0.183799
0.982811
0.809205
0.889902
0.679333
0.517575
0.559809
0.037006
0.909463
0.358372
0.226069
0.154960
0.503883
0.212558
0.475563
0.043343
0.137265
0.756204
0.803743
0.712568
0.485188
0.893244
0.594361
0.532695
0.756241
0.817371
0.677936
0.669335
0.519056
0.220409
0.857027
0.900429
0.042998
0.490921
0.367045
0.407627
0.871292
0.246801
0.741370
0.636029
0.845310
0.045602
0.049503
0.816036
0.298789
0.616350
0.977031
0.241061
0.640712
0.456585
0.716121
0.894848
0.045622
0.138395
0.135326
0.522148
0.470095
0.167179
0.197429
0.736511
0.714145
0.736897
0.094089
0.258933
0.746296
0.225553
0.066027
0.881108
0.011079
0.774662
0.377518
0.247051
0.937695
0.796452
0.413921
0.046820
0.368610
0.752554
0.371014
0.716099
0.126808
0.047917
0.504869
0.235397
0.440482
0.383720
0.411030
0.122599
0.443880
0.413004
0.301729
0.212629
0.473090
0.042805
0.749912
0.317973
0.375480
0.226503
0.868798
0.363811
0.551575
0.590172
0.395744
0.091508
0.948093
0.736654
0.649155
0.924215
0.720915
0.571121
0.827190
0.088328
0.786715
0.491871
0.617011
0.584558
0.982022
0.790107
0.583338
0.102358
0.048447
0.102454
0.305045
0.471466
0.162835
0.259957
0.728548
0.744297
0.231088
0.377315
0.706753
0.502953
0.664411
0.526095
0.192289
0.484586
0.856728
0.835691
0.053791
0.118878
0.082022
0.365753
0.983986
0.071373
0.030345
0.593865
0.468317
0.386422
0.701249
0.862194
0.282867
0.323487
0.873394
0.626885
0.490334
0.480554
0.869072
0.853932
0.402800
0.298405
0.832406
0.405284
0.480040
0.539500
0.239968
0.758945
0.632142
0.835219
0.862575
0.906794
0.895162
0.895211
0.897001
0.773901
0.948581
0.472605
0.486360
0.003070
0.443308
0.678831
0.347919
0.448372
0.608980
0.741796
0.727072
0.221406
0.109308
0.801171
0.396246
0.634053
0.614220
0.834543
0.917471
0.881455
0.057554
0.308170
0.887377
0.808985
0.049044
0.646093
0.383359
0.606947
0.409352
0.111369
0.329668
0.776766
0.296902
0.193149
0.002172
0.212406
0.895257
0.093378
0.390537
0.740777
0.129794
0.406845
0.636580
0.964874
0.382423
0.588346
0.267549
0.753399
0.673111
0.300711
0.443071
0.220624
0.276943
0.237429
0.934518
0.540228
0.245485
0.513644
0.055553
0.436881
0.801195
0.219256
0.262593
0.699299
0.073627
0.227877
0.643944
0.558543
0.146185
0.855404
0.016359
0.275300
0.882173
0.461945
0.847767
0.779896
0.498890
0.590859
0.724926
0.708795
0.358527
0.738655
0.584743
0.681334
0.944603
0.349494
0.428023
0.160439
0.492706
0.128058
0.734383
0.741080
0.244275
0.264527
0.297094
0.210201
0.792184
0.665412
0.696588
0.221901
0.486863
0.784000
0.131392
0.931578
0.371732
0.144156
0.825234
0.432829
0.616667
0.151240
0.729068
0.340817
0.918269
0.283875
0.736773
0.365881
0.835680
0.260332
0.133272
0.221132
0.530696
0.273270
0.493824
0.707775
0.880927
0.886586
0.753239
0.321924
0.434749
0.688128
0.663764
0.226649
0.176813
0.292008
0.360390
0.933001
0.572838
0.784289
0.252329
0.533782
0.862464
0.205766
0.959420
0.833791
0.068890
0.165617
0.512199
0.220310
0.694070
0.179659
0.534396
0.617569
0.568196
0.826965
0.626599
0.368949
0.822233
0.318587
0.669847
0.390669
0.452252
0.572147
0.267887
0.440707
0.444306
0.386021
0.046860
0.846706
0.928605
0.806905
0.031153
0.536610
0.331738
0.284468
0.814175
0.715794
0.995694
0.706880
0.742809
0.034416
0.232421
0.910943
0.834276
0.588765
0.282696
0.760579
0.644184
0.600334
0.148029
0.387435
0.804485
0.116387
0.764370
0.687342
0.450118
0.575747
0.486364
0.666380
0.253058
0.583583
0.350898
0.730314
0.282555
0.738923
0.088701
0.511125
0.410277
0.858652
0.352732
0.324413
0.479138
0.441743
0.132129
0.851400
0.954543
0.717483
0.820436
0.139298
0.276803
0.121414
0.906897
0.513784
0.633473
0.542778
0.759530
0.497336
0.370368
0.187186
0.468758
0.327177
0.759990
0.398270
0.220333
0.166577
0.346134
0.282077
0.166309
0.603267
0.583418
0.477940
0.262809
0.528713
0.990475
0.919588
0.043340
0.991997
0.535578
0.930237
0.796407
0.122057
0.473430
0.495419
0.116173
0.712038
0.351878
0.057295
0.294911
0.559503
0.407300
0.674196
0.526010
0.156254
0.067411
0.889157
0.386275
0.821503
0.780241
0.151180
0.566273
0.872171
0.888042
0.132986
0.317475
0.924028
0.764856
0.788993
0.584950
0.917451
0.936512
0.497290
0.294349
0.961541
0.401791
0.129334
0.761940
0.590351
0.873520
0.391138
0.696439
0.524966
0.158327
0.279696
0.761391
0.535201
0.393827
0.998380
0.166839
0.494655
0.361975
0.175089
0.259051
0.222869
0.597343
0.726864
0.577035
0.208356
0.509069
0.214755
0.344607
0.806228
0.235225
0.032656
0.866752
0.004187
0.448360
0.273889
0.799031
0.350628
0.830966
0.619259
0.758793
0.138597
0.439610
0.090356
0.246922
0.439363
0.676494
0.011831
0.348890
0.079341
0.087185
0.026411
0.183852
0.154139
0.703264
0.506403
0.570541
0.173446
0.148650
0.205418
0.878707
0.430546
0.228348
0.494100
0.534855
0.690180
0.218361
0.023568
0.151032
0.788523
0.575534
0.160359
0.745401
0.239020
0.286061
0.036596
0.023376
0.437829
0.571419
0.559146
0.188044
0.562624
0.170471
0.221505
0.248635
0.758510
0.916497
0.062176
0.295795
0.704795
0.827887
0.613278
0.712395
0.156371
0.431262
0.183134
0.788651
0.553455
0.535770
0.316603
0.710275
0.293440
0.177294
0.776888
0.388440
0.758607
0.951343
0.892586
0.100274
0.693442
0.453356
0.613715
0.408666
0.025313
0.045183
0.120477
0.330110
0.722262
0.666488
0.328512
0.219350
0.781652
0.909817
0.134379
0.339569
0.943420
0.078099
0.745022
0.586877
0.221698
0.443310
0.934976
0.337846
0.848534
0.425063
0.575049
0.888838
0.723483
0.907867
0.276247
0.455886
0.962793
0.415812
0.492676
0.203870
0.641968
0.363421
0.927184
0.273735
0.325424
0.101428
0.583485
0.276510
0.477014
0.976226
0.308516
0.222876
0.345160
0.121738
0.168778
0.357026
0.416344
0.202457
0.504420
0.863577
0.030709
0.826410
0.004792
0.916272
0.253519
0.846796
0.649247
0.037236
0.596225
0.271042
0.856918
0.235524
0.680902
0.996033
0.689235
0.893719
0.441775
0.088261
0.448923
0.871326
0.957629
0.827653
0.519234
0.793711
0.508807
0.233811
0.787166
0.995337
0.952579
0.293435
0.494417
0.086054
0.010619
0.607653
0.859818
0.609171
0.562338
0.678042
0.317006
0.760093
0.537830
0.550053
0.711080
0.634240
0.504173
0.032620
0.297987
0.973021
0.538845
0.212681
0.890401
0.876602
0.483996
0.483383
0.993828
0.452221
0.175329
0.804699
0.276699
0.866801
0.739339
0.415218
0.218200
0.772609
0.552669
0.713861
0.277579
0.574712
0.957315
0.530267
0.428696
0.508980
0.325448
0.502601
0.403550
0.999385
0.567593
0.781530
0.488546
0.263350
0.677913
0.779131
0.217245
0.633890
0.410363
0.181455
0.803342
0.567302
0.679442
0.943532
0.657641
0.805157
0.779309
0.485531
0.832751
0.659327
0.015012
0.808851
0.739276
0.888823
0.839571
0.750883
0.977235
0.137168
0.090672
0.097190
0.626467
0.399075
0.420721
0.769865
0.839772
0.485166
0.514008
0.810804
0.082532
0.953493
0.184728
0.378656
0.862573
0.476602
0.949612
0.478192
0.294006
0.112896
0.168924
0.640849
0.338802
0.451042
0.349554
0.275193
0.069859
0.096181
0.703981
0.906052
0.799293
0.466678
0.558844
0.021078
0.415720
0.370173
0.706870
0.743473
0.774270
0.327676
0.295910
0.049644
0.483088
0.114464
0.348838
0.750521
0.930064
0.486516
0.508058
0.955309
0.893556
0.561258
0.098371
0.236397
0.580836
0.821338
0.101947
0.214204
0.438031
0.210215
0.139166
0.780686
0.575291
0.288283
0.049055
0.680269
0.150947
0.918296
0.163099
0.666954
0.558398
0.448841
0.866147
0.956344
0.759488
0.864605
0.538192
0.191340
0.608111
0.872192
0.470745
0.640264
0.507807
0.390233
0.851584
0.846149
0.247086
0.412549
0.411598
0.445954
0.356242
0.713102
0.827500
0.378448
0.829398
0.361503
0.474148
0.199520
0.555537
0.517809
0.620218
0.723658
0.302264
0.475369
0.660999
0.710347
0.596060
0.420470
0.482037
0.814148
0.342759
0.877525
0.547391
0.517187
0.532021
0.308562
0.806250
0.262829
0.869533
0.835758
0.011660
0.509259
0.680694
0.555770
0.545107
0.921749
0.929535
0.414610
0.340713
0.422337
0.696629
0.111827
0.002789
0.315683
0.959726
0.002719
0.710496
0.209847
0.020879
0.467360
0.003373
0.950732
0.423802
0.715161
0.041461
0.288961
0.705213
0.493734
0.433803
0.497913
0.823911
0.670800
0.229036
0.661689
0.611337
0.157896
0.161858
0.851752
0.087371
0.144626
0.749093
0.910975
0.985111
0.112214
0.329121
0.063881
0.328390
0.595100
0.638417
0.071787
0.405771
0.159329
0.018946
0.151631
0.984785
0.566499
0.850174
0.377215
0.110145
0.591991
0.299430
0.781624
0.329701
0.466260
0.984383
0.879563
0.691873
0.407908
0.641378
0.828368
0.358326
0.217321
0.393380
0.946440
0.175622
0.399587
0.711276
0.807850
0.049614
0.785470
0.662290
0.631861
0.466314
0.119179
0.539256
0.186131
0.003004
0.581683
0.464496
0.922331
0.173333
0.718322
0.062065
0.562938
0.450136
0.739469
0.792103
0.857947
0.809752
0.662985
0.041039
0.730260
0.641569
0.267219
0.561415
0.528489
0.366551
0.323311
0.355064
0.605940
0.608506
0.075540
0.593396
0.944511
0.261832
0.438464
0.668549
0.042268
0.299503
0.879611
0.969142
0.783439
0.665038
0.456468
0.474396
0.509579
0.092198
0.976514
0.760352
0.010662
0.196178
0.749053
0.511964
0.654840
0.680022
0.897589
0.134791
0.375627
0.000037
0.701501
0.560045
0.735250
0.333922
0.935768
0.836763
0.782932
0.195402
0.677485
0.604824
0.926831
0.539078
0.547928
0.042582
0.538420
0.699276
0.858918
0.382856
0.508022
0.006621
0.632228
0.591033
0.470275
0.426099
0.960791
0.299027
0.918270
0.060354
0.680453
0.588848
0.925109
0.861967
0.821022
0.719530
0.691631
0.398471
0.805363
0.391172
0.639066
0.013850
0.865296
0.639830
0.265357
0.230272
0.643032
0.957030
0.483906
0.733809
0.446913
0.727631
0.663490
0.787885
0.130194
0.579801
0.088104
0.418218
0.061626
0.740850
0.055462
0.212985
0.156583
0.992679
0.332943
0.081981
0.437489
0.320580
0.189682
0.818509
0.092284
0.849150
0.723607
0.807752
0.499700
0.159063
0.702131
0.725381
0.190069
0.578455
0.635276
0.570151
0.210443
0.542658
0.299960
0.874224
0.862747
0.616059
0.434217
0.434985
0.283736
0.269806
0.820079
0.412084
0.835501
0.009126
0.473883
0.133468
0.775267
0.944005
0.162752
0.454145
0.173240
0.396978
0.965998
0.011435
0.547248
0.641773
0.100193
0.220451
0.182936
0.366572
0.726662
0.353566
0.608249
0.955621
0.960156
0.547621
0.190970
0.182964
0.797435
0.082603
0.328048
0.412019
0.184532
0.775572
0.195478
0.894780
0.941435
0.833565
0.527473
0.264366
0.762941
0.009235
0.393690
0.814685
0.014433
0.402975
0.443244
0.660957
0.541328
0.755275
0.584278
0.374848
0.210945
0.573068
0.567821
0.187957
0.405551
0.933807
0.444698
0.357418
0.185323
0.311021
0.364241
0.787361
0.339983
0.265119
0.683535
0.499983
0.047856
0.343163
0.855970
0.049972
0.361099
0.031388
0.067842
0.476049
0.235855
0.104197
0.091741
0.883364
0.326073
0.213399
0.325493
0.250501
0.259755
0.061421
0.485398
0.554850
0.616371
0.002265
0.922515
0.810075
0.324202
0.413942
0.030742
0.109456
0.696345
0.686144
0.715444
0.268828
0.824151
0.166899
0.391375
0.162886
0.546825
0.911959
0.478657
0.348601
0.715958
0.580679
0.865541
0.069490
0.973717
0.322117
0.306726
0.234497
0.763473
0.995137
0.225971
0.465236
0.791591
0.566227
0.891755
0.805342
0.659139
0.028816
0.434729
0.185677
0.882279
0.687817
0.675726
0.239155
0.020076
0.153161
0.233053
0.558917
0.128469
0.886058
0.877843
0.993620
0.259183
0.641745
0.606197
0.073585
0.222295
0.652476
0.396875
0.161553
0.331231
0.894481
0.123281
0.421802
0.348934
0.282676
0.588501
0.201370
0.353952
0.136844
0.152130
0.917146
0.745199
0.763059
0.917653
0.042556
0.104137
0.494090
0.949118
0.287625
0.133131
0.032540
0.485858
0.566135
0.388727
0.440473
0.624012
0.843647
0.028596
0.619269
0.433586
0.460136
0.290909
0.623466
0.979818
0.020981
0.924876
0.652344
0.217588
0.450066
0.291211
0.062978
0.227622
0.298736
0.351265
0.248539
0.763246
0.904374
0.263589
0.725573
0.576436
0.492322
0.806660
0.274015
0.491912
0.814925
0.346530
0.473689
0.698038
0.421423
0.568156
0.481041
0.223254
0.152462
0.689138
0.389857
0.066821
0.952961
0.374641
0.019714
0.952599
0.597082
0.072232
0.475919
0.174633
0.419072
0.985390
0.324678
0.503277
0.643700
0.404439
0.727249
0.620622
0.410068
0.613655
0.376838
0.053964
0.082519
0.093287
0.581968
0.076078
0.942411
0.235262
0.340088
0.541028
0.854499
0.291299
0.745166
0.124282
0.001676
0.772204
0.573018
0.935869
0.281825
0.017086
0.388118
0.975341
0.460525
0.151237
0.015644
0.397268
0.673377
0.151443
0.722507
0.056041
0.371674
0.237467
0.951118
0.298723
0.305198
0.308442
0.949637
0.474686
0.635860
0.642951
0.142454
0.130803
0.775962
0.581522
0.584657
0.360939
0.044812
0.410290
0.344239
0.278482
0.737447
0.164590
0.155777
0.080674
0.699219
0.571216
0.189358
0.673489
0.999994
0.848106
0.278485
0.325810
0.801699
0.580194
0.450713
0.321648
0.012989
0.390187
0.104772
0.079163
0.824767
0.623012
0.677934
0.705226
0.720320
0.762689
0.147345
0.454285
0.053805
0.800372
0.209108
0.060271
0.790852
0.272312
0.478845
0.410308
0.505027
0.186491
0.557491
0.528962
0.223896
0.556685
0.306073
0.341792
0.218456
0.762687
0.173228
0.186948
0.329673
0.455465
0.919200
0.543562
0.925882
0.225979
0.580073
0.945693
0.084788
0.756430
0.015992
0.550558
0.093839
0.672676
0.887109
0.329821
0.862697
0.816570
0.401026
0.352673
0.341572
0.156973
0.675461
0.129459
0.539173
0.058184
0.059908
0.484603
0.234003
0.124546
0.260022
0.927581
0.972779
0.339971
0.608496
0.990687
0.449701
0.721142
0.326167
0.502350
0.860334
0.203127
0.117112
0.264749
0.323852
0.976176
0.941473
0.104465
0.967384
0.992434
0.309768
0.764946
0.766227
0.861325
0.942439
0.609502
0.733667
0.852360
0.138380
0.603609
0.554152
0.224119
0.696202
0.545257
0.253585
0.598148
0.731986
0.012089
0.000472
0.596536
0.237260
0.994095
0.631674
0.461909
0.720970
0.680598
0.996527
0.878597
0.779184
0.370288
0.713067
0.713722
0.936275
0.973054
0.430115
0.896959
0.601345
0.072361
0.188969
0.157720
0.483627
0.016925
0.978463
0.838506
0.310627
0.010435
0.077122
0.503188
0.192747
0.668072
0.276195
0.558949
0.478146
0.008574
0.577275
0.610659
0.441578
0.350596
0.458302
0.766414
0.650973
0.082123
0.301652
0.613001
0.355497
0.771675
0.078109
0.080036
0.738848
0.590058
0.880423
0.911517
0.381537
0.511415
0.400247
0.963558
0.775902
0.262324
0.942169
0.047036
0.237605
0.487689
0.068616
0.533919
0.057371
0.102182
0.469354
0.446006
0.236701
0.295982
0.149360
0.244850
0.651324
0.163555
0.528793
0.041591
0.986135
0.424237
0.548832
0.445469
0.285369
0.203365
0.377119
0.769760
0.461750
0.342695
0.806564
0.813873
0.608385
0.208882
0.941255
0.940385
0.457136
0.468741
0.263234
0.665731
0.827231
0.800068
0.673878
0.483332
0.407852
0.006748
0.603638
0.137881
0.718467
0.506917
0.783893
0.069559
0.590641
0.662918
0.774657
0.246920
0.015078
0.921803
0.841900
0.107202
0.697655
0.235131
0.278225
0.822801
0.168185
0.726819
0.760658
0.612677
0.785667
0.077783
0.839297
0.317424
0.483768
0.596126
0.150563
0.956768
0.600294
0.441632
0.448822
0.488232
0.634387
0.973294
0.050108
0.485724
0.275215
0.688646
0.781708
0.956802
0.545894
0.723643
0.031356
0.017351
0.406389
0.381837
0.989790
0.642442
0.659157
0.661594
0.680410
0.212107
0.501272
0.250115
0.869803
0.070784
0.566780
0.953005
0.452877
0.819194
0.803042
0.028126
0.406347
0.557376
0.024815
0.392519
0.904341
0.797654
0.489809
0.171097
0.689856
0.266275
0.339487
0.555908
0.295831
0.312462
0.248841
0.444679
0.209571
0.143646
0.128911
0.827415
0.574288
0.605617
0.225780
0.389793
0.521500
0.726349
0.459810
0.302099
0.728035
0.742241
0.348859
0.662470
0.291398
0.825539
0.359233
0.563176
0.517247
0.231668
0.028124
0.248701
0.712726
0.085253
0.701277
0.334368
0.579415
0.523541
0.229651
0.554272
0.299626
0.416011
0.468803
0.007242
0.909822
0.378902
0.924765
0.369617
0.054886
0.303406
0.390153
0.043556
0.717006
0.116291
0.914259
0.709654
0.012911
0.991694
0.950875
0.252600
0.653229
0.732835
0.027611
0.528634
0.157691
0.542397
0.780435
0.943546
0.419951
0.900344
0.697207
0.309981
0.715768
0.767889
0.413940
0.952784
0.748292
0.836404
0.907554
0.531141
0.824210
0.039991
0.428855
0.546272
0.754505
0.050473
0.519505
0.003418
0.573572
0.973568
0.956722
0.196875
0.670443
0.964971
0.969471
0.086824
0.425873
0.985120
0.569880
0.236712
0.949030
0.411376
0.343647
0.779922
0.007557
0.726377
0.543180
0.384499
0.744726
0.001317
0.827223
0.684667
0.277468
0.392892
0.490710
0.147893
0.768999
0.372669
0.528611
0.846252
0.069816
0.907634
0.377507
0.100833
0.520793
0.310646
0.678656
0.467950
0.012145
0.979584
0.906282
0.035888
0.891994
0.743894
0.204860
0.500960
0.818302
0.037326
0.279131
0.991597
0.147905
0.615584
0.680599
0.109249
0.956410
0.037646
0.334264
0.154817
0.282706
0.629510
0.649341
0.009396
0.691828
0.149116
0.057713
0.638060
0.749932
0.871179
0.323866
0.685438
0.505130
0.310700
0.470060
0.131846
0.567936
0.303903
0.660485
0.478709
0.885066
0.665336
0.888150
0.432037
0.800356
0.139899
0.808257
0.552688
0.496533
0.868540
0.561810
0.842189
0.411592
0.086377
0.933208
0.732842
0.723545
0.271991
0.685572
0.450890
0.497266
0.466636
0.417553
0.221467
0.587203
0.982131
0.785386
0.284106
0.889695
0.216159
0.433911
0.187536
0.038657
0.793756
0.480344
0.332527
0.138361
0.753704
0.894523
0.231539
0.627085
0.998611
0.619395
0.453906
0.865374
0.727400
0.775477
0.725328
0.542652
0.068981
0.793065
0.150405
0.495948
0.635838
0.815918
0.026964
0.034484
0.216289
0.220178
0.220941
0.363866
0.324169
0.592275
0.570555
0.203638
0.824686
0.009570
0.288527
0.191947
0.355194
0.967475
0.831102
0.171064
0.759646
0.796812
0.202614
0.947518
0.255460
0.915160
0.164346
0.620584
0.551562
0.755927
0.316441
0.072883
0.636352
0.718913
0.521608
0.716849
0.454336
0.986107
0.639373
0.090788
0.190187
0.546468
0.039632
0.398317
0.378974
0.273437
0.864245
0.584894
0.561311
0.398937
0.505432
0.045219
0.702183
0.227608
0.269711
0.555242
0.092188
0.435022
0.696136
0.522526
0.949959
0.793638
0.497582
0.148725
0.444496
0.670237
0.593825
0.597919
0.356184
0.138593
0.205171
0.764555
0.095221
0.051127
0.475381
0.734757
0.296222
0.913301
0.592641
0.534732
0.707750
0.904486
0.877331
0.260048
0.595508
0.889076
0.805342
0.179512
0.377966
0.761576
0.435687
0.907415
0.713145
0.969432
0.211160
0.237879
0.755339
0.557343
0.600793
0.735068
0.800496
0.576805
0.552859
0.673008
0.039025
0.204642
0.227169
0.418767
0.634778
0.414270
0.975423
0.852740
0.848952
0.543449
0.038351
0.919798
0.427659
0.602262
0.928404
0.905046
0.971923
0.665085
0.966740
0.527936
0.508846
0.190291
0.943261
0.448498
0.982700
0.611432
0.368441
0.279418
0.884683
0.043664
0.285707
0.697738
0.740105
0.449150
0.113110
0.749908
0.671743
0.105202
0.483051
0.943946
0.758113
0.718901
0.548796
0.222467
0.405423
0.031961
0.726543
0.410309
0.451941
0.259564
0.341786
0.230525
0.223536
0.206947
0.148718
0.482487
0.259146
0.407454
0.191446
0.475843
0.924907
0.125839
0.975737
0.314088
0.635718
0.570541
0.420070
0.121490
0.902965
0.158703
0.554733
0.807131
0.927174
0.177669
0.437718
0.459804
0.954336
0.686717
0.256157
0.967518
0.114650
0.002777
0.082063
0.955366
0.962440
0.613883
0.251115
0.635500
0.435996
0.864112
0.833236
0.662967
0.456082
0.253750
0.163720
0.591149
0.881869
0.698453
0.903663
0.020575
0.043045
0.591132
0.598429
0.034824
0.566830
0.010329
0.202920
0.017307
0.718687
0.918826
0.542391
0.442641
0.975432
0.696236
0.177564
0.736396
0.049533
0.849331
0.642787
0.796942
0.083318
0.243855
0.525988
0.273161
0.231867
0.701568
0.359178
0.191764
0.353315
0.306275
0.788256
0.027972
0.025331
0.262595
0.990847
0.813304
0.606524
0.651207
0.810954
0.374223
0.561511
0.924332
0.579141
0.295395
0.768417
0.485205
0.087027
0.701301
0.027538
0.195274
0.684817
0.449967
0.489931
0.152886
0.970630
0.832549
0.224677
0.587211
0.040383
0.372523
0.643560
0.211146
0.766963
0.818242
0.001924
0.876951
0.077447
0.922600
0.694448
0.878379
0.697123
0.103551
0.564597
0.743031
0.329055
0.579245
0.946486
0.858699
0.737944
0.071515
0.657931
0.777444
0.707038
0.671479
0.663404
0.541156
0.336840
0.961004
0.625673
0.872351
0.654356
0.983768
0.064861
0.573953
0.001649
0.159696
0.343673
0.981806
0.172437
0.736492
0.197548
0.813671
0.765481
0.872039
0.028481
0.258467
0.723529
0.941409
0.681271
0.649481
0.526554
0.162224
0.920936
0.565323
0.008037
0.132133
0.330053
0.702365
0.263046
0.372149
0.844767
0.362407
0.616868
0.469593
0.648224
0.899337
0.122931
0.914394
0.640178
0.968517
0.558777
0.222508
0.201515
0.922660
0.388829
0.440185
0.472450
0.197935
0.662709
0.622854
0.863151
0.034064
0.317848
0.382364
0.015528
0.372144
0.855145
0.096332
0.934948
0.273965
0.856425
0.873357
0.510621
0.706549
0.312440
0.867837
0.143404
0.035685
0.230172
0.038147
0.699788
0.072193
0.488175
0.941929
0.510793
0.014671
0.408721
0.662236
0.634542
0.132480
0.015492
0.458296
0.101258
0.532712
0.445566
0.234620
0.359432
0.854890
0.484447
0.422231
0.641908
0.237157
0.692905
0.365752
0.470647
0.397696
0.094345
0.810094
0.018908
0.175137
0.891488
0.580516
0.549604
0.371691
0.181090
0.049783
0.648576
0.242782
0.135459
0.486192
0.471543
0.476898
0.619525
0.876203
0.723473
0.009439
0.712197
0.315428
0.589121
0.514292
0.100778
0.561735
0.333500
0.916892
0.817164
0.844205
0.791008
0.772520
0.284604
0.521704
0.461991
0.853580
0.143745
0.684810
0.435474
0.789618
0.826732
0.294849
0.856806
0.103817
0.348096
0.953799
0.158991
0.489732
0.281203
0.898790
0.776426
0.672008
0.388983
0.314973
0.559822
0.694833
0.877720
0.560497
0.611043
0.981872
0.742630
0.397341
0.756615
0.011439
0.173988
0.821761
0.378659
0.950654
0.492558
0.588090
0.821998
0.092332
0.583059
0.019658
0.096178
0.438354
0.294435
0.200557
0.091173
0.273278
0.775673
0.142025
0.025498
0.071934
0.215914
0.017192
0.345507
0.584746
0.957609
0.057922
0.794605
0.444547
0.451480
0.207532
0.871130
0.138624
0.022019
0.123104
0.393668
0.689748
0.912292
0.621168
0.392526
0.889940
0.576780
0.160488
0.046135
0.430718
0.691028
0.455712
0.881125
0.773582
0.846833
0.815625
0.954820
0.104480
0.401729
0.299769
0.238903
0.216013
0.451528
0.287165
0.923004
0.661119
0.394642
0.550902
0.856967
0.021994
0.056968
0.432327
0.850524
0.637999
0.846062
0.208603
0.049157
0.636299
0.903355
0.247369
0.104870
0.608985
0.723179
0.042264
0.360636
0.780436
0.207327
0.723057
0.767274
0.008659
0.623920
0.134140
0.751483
0.464366
0.439311
0.075129
0.753810
0.331538
0.491794
0.797322
0.655286
0.373219
0.475857
0.349771
0.811483
0.706297
0.205733
0.868706
0.912742
0.629017
0.626992
0.404080
0.389326
0.844983
0.044939
0.376960
0.580242
0.927388
0.538553
0.261536
0.384489
0.367235
0.028726
0.585490
0.613472
0.049288
0.969541
0.842469
0.763340
0.499507
0.131363
0.410418
0.426001
0.747721
0.444457
0.069528
0.057550
0.149280
0.371921
0.213538
0.322879
0.009451
0.780650
0.348150
0.735196
0.354286
0.779112
0.970298
0.809230
0.691731
0.490658
0.422031
0.446847
0.106723
0.231137
0.812756
0.773844
0.534012
0.059554
0.603589
0.146662
0.552476
0.170528
0.947560
0.547772
0.544667
0.097290
0.379439
0.088482
0.565337
0.193990
0.948909
0.837919
0.762709
0.366038
0.390859
0.696925
0.696221
0.517250
0.426526
0.535638
0.394510
0.682537
0.789257
0.313479
0.497384
0.314894
0.068623
0.400325
0.325519
0.695433
0.966643
0.817596
0.221647
0.935215
0.059873
0.618012
0.006978
0.537627
0.661097
0.122784
0.896607
0.990057
0.874380
0.234960
0.717649
0.353616
0.437235
0.547705
0.773864
0.319656
0.443642
0.466252
0.200521
0.701837
0.541682
0.062265
0.153234
0.832487
0.699525
0.879389
0.674542
0.832012
0.133536
0.408708
0.581970
0.220104
0.492230
0.452884
0.221325
0.837490
0.889843
0.097712
0.428978
0.546986
0.883261
0.509853
0.546876
0.682592
0.986059
0.279480
0.834042
0.715384
0.813395
0.526609
0.118309
0.104955
0.451522
0.489837
0.032036
0.805156
0.145650
0.816261
0.675564
0.392875
0.899923
0.271319
0.052146
0.288620
0.083254
0.087299
0.118127
0.037650
0.634769
0.669272
0.792089
0.120393
0.962613
0.877196
0.766750
0.260925
0.129859
0.602944
0.467331
0.702235
0.421282
0.860998
0.000167
0.417037
0.884744
0.111574
0.435304
0.722892
0.940932
0.034914
0.266816
0.270356
0.655206
0.475496
0.394628
0.872944
0.765317
0.774920
0.471554
0.147628
0.058717
0.212220
0.959329
0.434643
0.193246
0.770341
0.737377
0.965325
0.554914
0.947538
0.608056
0.746762
0.246552
0.832454
0.542142
0.131980
0.801066
0.161609
0.008300
0.544434
0.713056
0.578075
0.230282
0.325539
0.382541
0.810057
0.715616
0.174000
0.564542
0.988158
0.899525
0.145697
0.918279
0.820062
0.247836
0.682851
0.749721
0.841386
0.662615
0.641250
0.541255
0.461458
0.534294
0.784268
0.362202
0.022765
0.284028
0.712430
0.753953
0.592822
0.740040
0.697274
0.183459
0.707217
0.191694
0.388257
0.658832
0.782571
0.465061
0.861469
0.600804
0.418176
0.863712
0.978877
0.563796
0.305053
0.318499
0.526882
0.900349
0.961181
0.590071
0.102908
0.962660
0.011646
0.867871
0.218806
0.934981
0.232467
0.609370
0.589784
0.890623
0.076843
0.963286
0.077650
0.167327
0.902564
0.620534
0.257096
0.654734
0.619356
0.436664
0.073777
0.087724
0.974886
0.669533
0.562941
0.939360
0.198200
0.175957
0.097351
0.007189
0.219325
0.411103
0.133260
0.286659
0.183795
0.574364
0.923178
0.225386
0.480850
0.745463
0.164187
0.952042
0.004054
0.354552
0.050554
0.573593
0.863093
0.830034
0.699389
0.134649
0.265480
0.767877
0.418102
0.332676
0.786949
0.466159
0.782409
0.582813
0.749258
0.168598
0.993624
0.526053
0.924169
0.860818
0.484014
0.574530
0.282349
0.963097
0.238938
0.587666
0.005948
0.763352
0.804538
0.272927
0.483586
0.934103
0.449725
0.404945
0.506526
0.977178
0.451219
0.456734
0.384763
0.939901
0.970372
0.736783
0.201779
0.246509
0.490553
0.625747
0.926733
0.988561
0.283816
0.006502
0.602811
0.518073
0.875630
0.481304
0.330502
0.687149
0.976388
0.469818
0.264550
0.577832
0.848481
0.781746
0.343319
0.065951
0.577655
0.757817
0.969340
0.062697
0.217421
0.572892
0.359771
0.777687
0.275265
0.794918
0.785537
0.847254
0.509394
0.793504
0.417882
0.671735
0.504793
0.091844
0.001102
0.805477
0.997315
0.255759
0.070196
0.743344
0.414580
0.413591
0.932192
0.947447
0.602414
0.000714
0.129884
0.457860
0.205582
0.822396
0.606757
0.931074
0.671579
0.028777
0.291825
0.449936
0.346208
0.095704
0.323135
0.948814
0.629705
0.405175
0.628709
0.597758
0.662169
0.519142
0.083640
0.989386
0.507030
0.740425
0.962126
0.472260
0.301318
0.054483
0.903161
0.474493
0.341482
0.045798
0.108662
0.161344
0.573498
0.882616
0.992754
0.270542
0.456027
0.963794
0.000991
0.469099
0.665379
0.321514
0.818236
0.075358
0.611006
0.373603
0.683970
0.490019
0.230309
0.119206
0.033776
0.179907
0.031482
0.371581
0.185734
0.558221
0.853154
0.121742
0.290496
0.605015
0.309584
0.626716
0.263784
0.571667
0.390142
0.316163
0.920055
0.613082
0.181849
0.111096
0.026089
0.691378
0.183706
0.248471
0.493251
0.594806
0.181569
0.205378
0.427173
0.415656
0.152330
0.816596
0.253610
0.330899
0.166132
0.179257
0.639213
0.029305
0.755392
0.438366
0.425982
0.628807
0.719364
0.046935
0.298131
0.427842
0.833005
0.594473
0.400133
0.334427
0.428879
0.797589
0.624686
0.316723
0.320866
0.746448
0.789342
0.718828
0.038416
0.000843
0.420572
0.785560
0.840096
0.629623
0.363990
0.239968
0.475187
0.787231
0.939508
0.257337
0.162082
0.921102
0.860157
0.679414
0.752220
0.203670
0.633333
0.812632
0.548327
0.282732
0.663215
0.654060
0.745700
0.943927
0.773101
0.888836
0.965288
0.779069
0.366422
0.502844
0.847318
0.454090
0.945173
0.354367
0.174222
0.670347
0.204516
0.548473
0.491608
0.413033
0.422311
0.957894
0.696029
0.580450
0.362308
0.734132
0.558298
0.587889
0.409772
0.152553
0.651099
0.039874
0.158274
0.635212
0.649648
0.064514
0.166403
0.295168
0.474149
0.403705
0.103153
0.846025
0.242796
0.852960
0.000732
0.220467
0.504074
0.144579
0.833539
0.741519
0.717103
0.867943
0.142066
0.190301
0.448786
0.520656
0.920472
0.614005
0.256494
0.284308
0.486578
0.217867
0.725059
0.618586
0.553035
0.184868
0.626805
0.267503
0.218409
0.766920
0.673376
0.771481
0.096947
0.491289
0.828122
0.079045
0.305756
0.825998
0.647766
0.351880
0.528157
0.147966
0.622131
0.556989
0.871966
0.357636
0.980654
0.939719
0.741436
0.983828
0.934455
0.971395
0.441633
0.122588
0.822700
0.865303
0.733973
0.053758
0.132005
0.254801
0.061689
0.879044
0.857648
0.127269
0.663966
0.025308
0.175317
0.607688
0.297499
0.956849
0.892165
0.685559
0.784221
0.940420
0.645900
0.478951
0.103954
0.206724
0.320686
0.129388
0.250738
0.352147
0.648578
0.921366
0.571566
0.324479
0.465261
0.720211
0.806312
0.836365
0.588834
0.322060
0.547560
0.550240
0.790392
0.809693
0.339122
0.878500
0.825154
0.507979
0.131968
0.742659
0.992885
0.632679
0.316329
0.135239
0.196371
0.226358
0.048725
0.828141
0.966686
0.475160
0.092664
0.071255
0.424009
0.000187
0.891760
0.625055
0.642731
0.217244
0.094027
0.970922
0.389624
0.358685
0.246091
0.042959
0.703786
0.251125
0.876078
0.325036
0.287153
0.442761
0.683919
0.656817
0.174291
0.774048
0.057832
0.592530
0.650252
0.985489
0.635721
0.656213
0.885206
0.456283
0.130252
0.337198
0.254644
0.667577
0.136344
0.169579
0.813853
0.484089
0.139842
0.739411
0.895460
0.847830
0.446100
0.963404
0.298758
0.977688
0.247244
0.482835
0.039585
0.668625
0.546857
0.516460
0.129500
0.784228
0.160828
0.016150
0.353001
0.536375
0.513135
0.469018
0.511549
0.645755
0.445288
0.189772
0.103129
0.977001
0.758200
0.447064
0.906115
0.742182
0.705233
0.267565
0.436175
0.866400
0.155156
0.261524
0.744985
0.609256
0.643785
0.313568
0.529473
0.035913
0.033038
0.482478
0.020375
0.431529
0.996169
0.953708
0.618829
0.252793
0.047912
0.388380
0.749768
0.710324
0.338310
0.512520
0.900862
0.575677
0.928959
0.290275
0.315757
0.306707
0.770423
0.524866
0.310355
0.085049
0.099576
0.231022
0.680896
0.859451
0.475610
0.622655
0.172588
0.988717
0.173469
0.059510
0.477533
0.578012
0.153453
0.796560
0.730693
0.102274
0.325744
0.879876
0.972664
0.410489
0.328605
0.032737
0.547990
0.704570
0.539000
0.875725
0.907771
0.586600
0.534388
0.324546
0.785332
0.768182
0.724430
0.509348
0.213667
0.535647
0.371384
0.059265
0.353452
0.564879
0.717905
0.095944
0.600338
0.179487
0.441029
0.779814
0.940304
0.646096
0.151074
0.752832
0.021792
0.600497
0.154210
0.321470
0.913407
0.198399
0.197457
0.723677
0.015897
0.084547
0.414851
0.323588
0.097190
0.773952
0.193536
0.077704
0.919227
0.538967
0.178517
0.116318
0.425335
0.395991
0.134852
0.783918
0.956906
0.285515
0.885999
0.982327
0.468119
0.039290
0.047097
0.160325
0.207453
0.228347
0.771912
0.793512
0.834761
0.485629
0.232208
0.698146
0.442624
0.396984
0.048288
0.022724
0.450764
0.554263
0.389461
0.261040
0.842253
0.864283
0.963172
0.130485
0.710259
0.707394
0.611565
0.659322
0.584102
0.039406
0.734210
0.326706
0.503348
0.030633
0.255755
0.599180
0.308701
0.335785
0.357248
0.707408
0.118448
0.588477
0.689885
0.006895
0.459192
0.214095
0.289924
0.766436
0.019638
0.154771
0.913525
0.728058
0.496173
0.600220
0.010261
0.282185
0.498996
0.318180
0.054051
0.601794
0.987541
0.678222
0.450263
0.579310
0.203950
0.962657
0.737741
0.909974
0.573338
0.058312
0.304505
0.165454
0.539616
0.122911
0.335869
0.201437
0.805593
0.319817
0.213732
0.742958
0.946145
0.214880
0.085795
0.491210
0.863165
0.929148
0.823446
0.595588
0.051068
0.641191
0.087065
0.834723
0.141589
0.532771
0.717507
0.350245
0.696633
0.771639
0.172500
0.277033
0.717918
0.625174
0.226721
0.113694
0.842159
0.298647
0.654290
0.177037
0.690566
0.591835
0.112437
0.984271
0.341370
0.967743
0.945091
0.906695
0.394157
0.127193
0.125140
0.938614
0.594745
0.683019
0.054114
0.925247
0.489360
0.027616
0.438042
0.093370
0.076858
0.987609
0.958225
0.228433
0.927741
0.359370
0.955683
0.341923
0.738725
0.919153
0.848030
0.172708
0.791602
0.001584
0.497515
0.366109
0.285147
0.240265
0.248980
0.674466
0.008826
0.564227
0.856503
0.022933
0.327049
0.044005
0.017453
0.784256
0.942720
0.681067
0.732718
0.106290
0.408832
0.734347
0.211858
0.636000
0.856862
0.677647
0.541927
0.483687
0.910711
0.381643
0.838720
0.771213
0.254941
0.614251
0.099189
0.607952
0.826059
0.453100
0.473781
0.838223
0.095600
0.703872
0.177450
0.403964
0.413752
0.918242
0.758089
0.666387
0.882285
0.105183
0.941134
0.530365
0.725516
0.729381
0.769093
0.715310
0.628084
0.090504
0.254741
0.016279
0.008262
0.677086
0.266740
0.899067
0.695572
0.588770
0.866434
0.273034
0.981440
0.620653
0.814562
0.785418
0.511656
0.103503
0.466640
0.480879
0.989376
0.093571
0.775776
0.170029
0.157418
0.005776
0.621640
0.350701
0.028617
0.283991
0.184374
0.025690
0.832958
0.202189
0.582161
0.260746
0.650276
0.390199
0.491221
0.826533
0.197237
0.177827
0.966975
0.768338
0.737375
0.351078
0.185141
0.247252
0.582924
0.414241
0.321488
0.496596
0.157191
0.951584
0.289020
0.237322
0.086237
0.182407
0.551335
0.396155
0.288594
0.303207
0.730894
0.470216
0.531788
0.710699
0.230976
0.381881
0.424398
0.699448
0.590043
0.167625
0.312425
0.727859
0.787287
0.344595
0.048698
0.846280
0.218087
0.298676
0.104079
0.380961
0.558154
0.537786
0.989219
0.467622
0.235079
0.154154
0.455605
0.528385
0.726069
0.339335
0.444658
0.285808
0.400597
0.295714
0.253626
0.407783
0.126722
0.388231
0.887025
0.377049
0.359839
0.880106
0.062377
0.679049
0.932593
0.096288
0.838992
0.901911
0.264719
0.358392
0.338551
0.842284
0.211551
0.534869
0.526232
0.210778
0.269957
0.550163
0.521138
0.030772
0.360442
0.696599
0.404766
0.324322
0.904174
0.092759
0.996275
0.178940
0.413686
0.132089
0.563304
0.788970
0.315988
0.265490
0.937083
0.565334
0.226870
0.961649
0.000591
0.907378
0.395104
0.188849
0.018516
0.730585
0.535341
0.262014
0.777751
0.343894
0.768410
0.398738
0.007202
0.770377
0.887803
0.828054
0.045628
0.105029
0.671071
0.795679
0.226288
0.003416
0.454905
0.309501
0.947131
0.894928
0.692622
0.969041
0.895283
0.014400
0.712840
0.722662
0.394580
0.845834
0.398061
0.896251
0.344902
0.071986
0.001936
0.337141
0.722048
0.623560
0.823945
0.017018
0.106911
0.921762
0.960251
0.937557
0.212702
0.907959
0.849481
0.682550
0.878967
0.954210
0.832167
0.460261
0.501153
0.248389
0.442621
0.979772
0.364467
0.747681
0.651979
0.005057
0.850793
0.294183
0.781159
0.930547
0.987388
0.986360
0.302499
0.221921
0.306144
0.400120
0.248817
0.065891
0.482131
0.753236
0.448638
0.072716
0.720198
0.606891
0.306346
0.375197
0.358366
0.198070
0.346008
0.967915
0.656765
0.996570
0.237617
0.630447
0.240877
0.580364
0.524512
0.278319
0.167813
0.423080
0.770715
0.085439
0.084401
0.687331
0.346940
0.221773
0.445810
0.617664
0.574031
0.549997
0.263477
0.626862
0.442561
0.124888
0.351075
0.669354
0.627360
0.839197
0.537287
0.995494
0.015715
0.059758
0.814116
0.880438
0.467990
0.597581
0.889501
0.421384
0.029413
0.855678
0.112974
0.996929
0.311798
0.498378
0.243118
0.482271
0.263923
0.485867
0.025569
0.814035
0.049345
0.817723
0.050314
0.998448
0.250371
0.829180
0.857042
0.156628
0.116967
0.383875
0.757283
0.700731
0.079327
0.806833
0.342100
0.234709
0.242870
0.901435
0.144080
0.273427
0.084407
0.894118
0.422360
0.373884
0.068226
0.650565
0.539468
0.772303
0.400860
0.007123
0.898691
0.120824
0.643263
0.561209
0.910758
0.417556
0.399167
0.764451
0.958557
0.723741
0.798359
0.662309
0.828656
0.761777
0.993629
0.123938
0.578365
0.987851
0.390140
0.906025
0.307104
0.232928
0.825968
0.394371
0.800806
0.505850
0.422569
0.366952
0.518127
0.052301
0.323912
0.622211
0.887198
0.263373
0.043041
0.816343
0.381673
0.527496
0.634799
0.353307
0.344830
0.619473
0.413481
0.671324
0.030459
0.720382
0.434160
0.769615
0.829308
0.662081
0.456429
0.319113
0.149814
0.490072
0.609320
0.200920
0.921896
0.938480
0.476143
0.816240
0.192525
0.910887
0.817992
0.011552
0.781861
0.560774
0.654686
0.962764
0.468675
0.065328
0.921866
0.862106
0.673819
0.686353
0.423025
0.751497
0.110495
0.212043
0.295205
0.346160
0.370073
0.373364
0.707119
0.192214
0.912200
0.328796
0.008440
0.001996
0.427962
0.811180
0.049018
0.510879
0.044838
0.030435
0.886762
0.699314
0.342203
0.925869
0.602953
0.723861
0.646130
0.861864
0.443718
0.400955
0.572234
0.360661
0.006435
0.587153
0.285317
0.966008
0.689802
0.299619
0.444559
0.831418
0.126340
0.920591
0.303002
0.126784
0.816050
0.329582
0.930090
0.857104
0.680011
0.307071
0.025994
0.187067
0.752634
0.053418
0.296494
0.865250
0.731349
0.166772
0.857152
0.841664
0.602456
0.923712
0.635534
0.672426
0.061904
0.206369
0.240228
0.805276
0.949739
0.919786
0.265411
0.339710
0.416973
0.243257
0.499711
0.355473
0.043627
0.559411
0.008114
0.403155
0.626692
0.404767
0.555672
0.250657
0.856770
0.285533
0.341757
0.479257
0.602128
0.702385
0.513607
0.023038
0.018927
0.227984
0.427927
0.245427
0.206376
0.980971
0.129279
0.646594
0.625552
0.340205
0.014026
0.795457
0.000650
0.242978
0.148566
0.580047
0.921393
0.910966
0.210616
0.369988
0.865378
0.347669
0.522298
0.184828
0.859082
0.451080
0.143761
0.461984
0.496297
0.085340
0.496109
0.518047
0.532732
0.955128
0.482372
0.297194
0.775544
0.626535
0.575275
0.500461
0.486529
0.538172
0.840551
0.689624
0.017750
0.346265
0.364557
0.459443
0.898325
0.447477
0.054932
0.272008
0.091138
0.023227
0.283051
0.046952
0.638233
0.449229
0.337030
0.101272
0.413612
0.414026
0.154025
0.532501
0.202221
0.590253
0.300579
0.639005
0.823851
0.202388
0.669767
0.471124
0.520706
0.334733
0.863881
0.106930
0.327406
0.323383
0.731426
0.746346
0.642146
0.075929
0.027145
0.217368
0.717791
0.662643
0.663858
0.988154
0.291634
0.022899
0.524834
0.278712
0.072578
0.130580
0.305469
0.365961
0.304493
0.462215
0.353007
0.675890
0.124491
0.111605
0.973058
0.756581
0.934871
0.394680
0.171664
0.725840
0.507497
0.288345
0.301662
0.287191
0.039331
0.547053
0.582090
0.907974
0.877904
0.840868
0.959397
0.253304
0.135447
0.758761
0.279195
0.469647
0.910452
0.020892
0.237307
0.411738
0.335398
0.743621
0.078864
0.406629
0.169407
0.101012
0.514202
0.648581
0.154561
0.226561
0.820296
0.818572
0.854655
0.698916
0.596505
0.022164
0.195105
0.455332
0.143349
0.639478
0.422796
0.476602
0.933096
0.181028
0.704585
0.087234
0.140884
0.743168
0.083239
0.214600
0.705153
0.156892
0.009535
0.450830
0.886110
0.423751
0.169292
0.261187
0.791000
0.532622
0.824063
0.182669
0.834923
0.251093
0.384260
0.356609
0.605946
0.985201
0.433443
0.238998
0.103258
0.301286
0.922535
0.832298
0.817132
0.203698
0.752710
0.282488
0.619424
0.762117
0.465695
0.185093
0.933374
0.182233
0.260254
0.443949
0.151453
0.913534
0.053590
0.026454
0.770006
0.887951
0.806414
0.459049
0.209443
0.483119
0.830443
0.406686
0.788725
0.303987
0.297068
0.180033
0.822900
0.376552
0.665941
0.514156
0.312433
0.847437
0.252234
0.462443
0.193084
0.783086
0.651326
0.749509
0.615084
0.162323
0.239655
0.426835
0.220352
0.656009
0.470494
0.174891
0.886522
0.287568
0.183401
0.095497
0.906500
0.568117
0.646086
0.338164
0.072332
0.199958
0.547456
0.404171
0.632109
0.942181
0.660580
0.472128
0.588678
0.732117
0.394318
0.588770
0.308888
0.656417
0.952388
0.068738
0.912148
0.865471
0.318587
0.947095
0.407017
0.024954
0.786948
0.828322
0.044601
0.398219
0.255561
0.975557
0.857493
0.153303
0.002818
0.983804
0.853007
0.988299
0.164832
0.880893
0.829470
0.668825
0.632771
0.999914
0.284292
0.571363
0.588876
0.466887
0.382606
0.826201
0.399886
0.647417
0.455182
0.153739
0.086649
0.396087
0.994407
0.987899
0.088644
0.452326
0.617046
0.980402
0.542182
0.826524
0.962567
0.479645
0.791022
0.520120
0.995742
0.077946
0.348169
0.423432
0.682315
0.820891
0.027584
0.734966
0.506456
0.172547
0.464569
0.745965
0.798760
0.330281
0.743577
0.333937
0.343551
0.982936
0.352192
0.008918
0.234229
0.106124
0.180027
0.856227
0.445410
0.888367
0.781300
0.219443
0.090618
0.381860
0.619827
0.467377
0.834275
0.971584
0.515193
0.688770
0.426730
0.256531
0.008835
0.658485
0.831095
0.436792
0.868809
0.918924
0.910621
0.800247
0.451967
0.320434
0.145371
0.402624
0.142315
0.864446
0.346944
0.534656
0.584289
0.193102
0.839995
0.070110
0.929702
0.569110
0.079294
0.288414
0.817115
0.689587
0.171097
0.265649
0.302377
0.177640
0.267548
0.427651
0.459094
0.095423
0.302888
0.358971
0.867758
0.322434
0.040211
0.461443
0.712311
0.142798
0.897506
0.556112
0.702868
0.885279
0.521761
0.022277
0.543375
0.959777
0.579853
0.567381
0.162927
0.134068
0.734991
0.221524
0.429516
0.394515
0.277448
0.650326
0.564948
0.234524
0.378353
0.379905
0.979679
0.714479
0.435263
0.027707
0.746329
0.136915
0.478301
0.132959
0.430615
0.680668
0.105571
0.680462
0.498450
0.837773
0.916638
0.911514
0.017976
0.996828
0.912789
0.515677
0.875260
0.016613
0.832855
0.797157
0.222412
0.133674
0.893319
0.909552
0.376878
0.047655
0.901479
0.752696
0.890658
0.528107
0.210397
0.625374
0.008184
0.386536
0.484413
0.227637
0.231634
0.157433
0.743933
0.106484
0.212410
0.332036
0.658284
0.138648
0.687537
0.488582
0.555354
0.144245
0.679739
0.162790
0.116783
0.225029
0.679932
0.802328
0.227450
0.921010
0.030894
0.649014
0.948010
0.779180
0.230849
0.892506
0.079219
0.428094
0.375734
0.939218
0.286818
0.752070
0.458876
0.140230
0.255706
0.258739
0.746849
0.821925
0.842158
0.233708
0.950251
0.963114
0.692851
0.776085
0.408151
0.362394
0.299421
0.308608
0.004959
0.639491
0.957331
0.656138
0.038469
0.914335
0.597780
0.286260
0.757822
0.507628
0.961405
0.805740
0.790142
0.506630
0.082538
0.306599
0.174596
0.539949
0.552755
0.655536
0.222616
0.605048
0.532470
0.320472
0.923062
0.292251
0.979333
0.827944
0.111033
0.248970
0.062165
0.445110
0.119123
0.227925
0.229202
0.180121
0.129828
0.563100
0.899373
0.694591
0.947894
0.417174
0.245383
0.221936
0.411321
0.644192
0.037344
0.085316
0.159799
0.611228
0.015696
0.908938
0.979311
0.822763
0.762178
0.116471
0.441662
0.691569
0.537602
0.810320
0.057673
0.299812
0.055163
0.625502
0.662804
0.494146
0.658054
0.651893
0.253946
0.158542
0.870123
0.018577
0.996133
0.008595
0.788332
0.234054
0.617931
0.751075
0.285758
0.876062
0.914241
0.952456
0.493893
0.724753
0.575283
0.460176
0.532992
0.932983
0.060495
0.720394
0.959212
0.327461
0.736107
0.835965
0.897311
0.434500
0.995134
0.708416
0.327626
0.324142
0.578547
0.107641
0.496114
0.866373
0.816359
0.013092
0.916179
0.493218
0.007385
0.070198
0.931051
0.060430
0.656429
0.505771
0.305463
0.902543
0.787632
0.346146
0.815369
0.675039
0.052755
0.281802
0.304465
0.077365
0.853122
0.022225
0.176255
0.050573
0.193993
0.484750
0.790410
0.543301
0.490106
0.661132
0.732180
0.439882
0.041138
0.505617
0.423602
0.744301
0.395846
0.688232
0.045245
0.613761
0.323618
0.557063
0.237270
0.335618
0.612208
0.153279
0.548520
0.841416
0.410385
0.622619
0.102414
0.851781
0.334256
0.867137
0.448392
0.245936
0.056013
0.780910
0.067645
0.749557
0.593848
0.913497
0.501906
0.534760
0.021791
0.904871
0.574028
0.825925
0.818225
0.535595
0.669111
0.105147
0.571814
0.735970
0.544930
0.011040
0.263609
0.397933
0.640403
0.524644
0.844077
0.333422
0.350862
0.536207
0.323796
0.222994
0.238867
0.386555
0.096574
0.898411
0.649321
0.476846
0.713746
0.802967
0.697624
0.540409
0.828385
0.973305
0.099635
0.670463
0.528184
0.386458
0.812171
0.697430
0.775772
0.015881
0.952808
0.009617
0.175186
0.440215
0.967727
0.411004
0.783276
0.348537
0.516361
0.109889
0.184778
0.785843
0.041579
0.432149
0.549807
0.482516
0.494178
0.352853
0.892527
0.111526
0.180419
0.439986
0.249738
0.817120
0.201351
0.304039
0.998136
0.858741
0.452695
0.147202
0.029000
0.713934
0.654018
0.505912
0.999039
0.483983
0.375952
0.780523
0.376176
0.946040
0.534214
0.645828
0.498990
0.095478
0.319172
0.936184
0.368593
0.522239
0.029708
0.099013
0.391664
0.464905
0.780125
0.810393
0.793419
0.886267
0.548854
0.846527
0.919243
0.414114
0.537707
0.804804
0.143752
0.491018
0.310427
0.768233
0.606016
0.576845
0.679285
0.506982
0.489718
0.747757
0.808473
0.310769
0.066970
0.535444
0.503044
0.045876
0.224563
0.350343
0.152150
0.530511
0.691382
0.332588
0.295326
0.822286
0.685746
0.974448
0.280571
0.511547
0.201417
0.357997
0.982976
0.614328
0.651034
0.351771
0.052649
0.158643
0.085718
0.610157
0.660687
0.057909
0.709597
0.719264
0.211942
0.365213
0.908003
0.333036
0.993341
0.502193
0.508097
0.643343
0.226494
0.556285
0.490655
0.027806
0.493356
0.240068
0.871787
0.219113
0.003680
0.606475
0.973319
0.839560
0.673025
0.113616
0.800603
0.644583
0.480051
0.132952
0.746494
0.319027
0.071866
0.494584
0.340256
0.169887
0.086174
0.163405
0.260128
0.559299
0.158960
0.639851
0.328327
0.421502
0.086481
0.179018
0.707209
0.707543
0.110299
0.421893
0.015362
0.101464
0.794110
0.532433
0.582363
0.851722
0.461125
0.434260
0.560964
0.061592
0.660746
0.240719
0.115444
0.282313
0.633281
0.472037
0.404888
0.752704
0.241470
0.153346
0.580131
0.129028
0.337547
0.387317
0.513133
0.048833
0.034601
0.495148
0.477517
0.372530
0.850988
0.319667
0.499037
0.446452
0.196536
0.784293
0.594710
0.231153
0.169298
0.301602
0.619373
0.638687
0.131600
0.125256
0.938418
0.922621
0.034141
0.239046
0.645437
0.464539
0.956884
0.876782
0.543549
0.800767
0.835498
0.266807
0.609146
0.233101
0.842094
0.694858
0.156805
0.867250
0.389009
0.479044
0.424133
0.422778
0.224389
0.950680
0.795272
0.658274
0.588315
0.034733
0.381836
0.755506
0.898229
0.523624
0.180014
0.506310
0.932406
0.638141
0.522595
0.645968
0.980219
0.969212
0.044670
0.176812
0.927961
0.394289
0.881747
0.025818
0.748950
0.062085
0.319047
0.879935
0.366694
0.039427
0.610716
0.542893
0.359844
0.713965
0.187711
0.657254
0.477697
0.546495
0.973108
0.135438
0.434998
0.266632
0.023582
0.143487
0.954783
0.105600
0.215808
0.981320
0.528027
0.159884
0.196531
0.703208
0.858831
0.479480
0.315068
0.822249
0.463910
0.974514
0.756968
0.942568
0.395128
0.733971
0.597606
0.662999
0.553830
0.850273
0.994440
0.596014
0.565716
0.343481
0.236696
0.845621
0.685021
0.278841
0.871223
0.788009
0.696732
0.671455
0.623267
0.498668
0.285611
0.271796
0.330919
0.669749
0.840755
0.825845
0.611988
0.361408
0.164463
0.903581
0.482042
0.430881
0.054145
0.889580
0.642370
0.983046
0.226024
0.229476
0.656620
0.686223
0.549394
0.526031
0.734856
0.296945
0.060165
0.578562
0.343786
0.237484
0.722463
0.959483
0.361916
0.569840
0.407023
0.221695
0.998370
0.209980
0.055129
0.330603
0.194138
0.726057
0.496851
0.414472
0.724493
0.564356
0.892329
0.426909
0.721327
0.046737
0.264855
0.815197
0.834164
0.983301
0.094502
0.788237
0.748593
0.244049
0.441044
0.277856
0.280870
0.133269
0.564933
0.187214
0.767448
0.910411
0.515067
0.020081
0.968172
0.301197
0.652100
0.484719
0.201901
0.342711
0.576063
0.166121
0.933297
0.406227
0.427013
0.860362
0.529546
0.741521
0.027500
0.664809
0.405734
0.386418
0.835561
0.417942
0.277663
0.785319
0.177023
0.582532
0.740826
0.960471
0.725853
0.165927
0.894308
0.579708
0.701295
0.771201
0.228363
0.764444
0.750565
0.372911
0.494405
0.981633
0.985839
0.911215
0.776179
0.863475
0.144283
0.298092
0.480844
0.298600
0.339887
0.929435
0.468742
0.638494
0.375843
0.296738
0.040572
0.362896
0.086219
0.792152
0.000751
0.047948
0.675680
0.300652
0.515687
0.980808
0.526009
0.673052
0.985728
0.264517
0.438170
0.673645
0.649533
0.756837
0.778670
0.496188
0.139611
0.686833
0.498971
0.442006
0.707791
0.292926
0.496693
0.853949
0.339350
0.326199
0.287369
0.899965
0.474576
0.762669
0.455495
0.300026
0.556498
0.568307
0.853625
0.590167
0.123531
0.860535
0.018264
0.017384
0.665806
0.309959
0.771311
0.659139
0.963915
0.126087
0.475796
0.861228
0.128821
0.470783
0.914661
0.587756
0.061704
0.643199
0.261346
0.776973
0.552470
0.879952
0.110912
0.296716
0.735681
0.114275
0.040468
0.593215
0.122663
0.537906
0.667645
0.627003
0.928531
0.309467
0.675860
0.189694
0.912884
0.253066
0.775135
0.195358
0.452931
0.890896
0.067207
0.040268
0.067781
0.653558
0.783689
0.624747
0.112652
0.611871
0.866024
0.130881
0.861764
0.573925
0.355992
0.149833
0.698643
0.891103
0.065503
0.252528
0.632599
0.816852
0.494451
0.597438
0.860131
0.761929
0.465352
0.669230
0.589998
0.289884
0.443539
0.742020
0.850714
0.196529
0.011644
0.160995
0.499216
0.517139
0.467137
0.036134
0.149453
0.805143
0.011655
0.441795
0.239645
0.526036
0.500880
0.715907
0.956967
0.910292
0.223714
0.952527
0.238403
0.109003
0.679500
0.281502
0.566525
0.995998
0.822042
0.028990
0.778936
0.460206
0.739168
0.352591
0.610143
0.531997
0.236596
0.444844
0.184602
0.187261
0.294840
0.898820
0.179676
0.172965
0.867917
0.329588
0.877274
0.697955
0.992600
0.845280
0.822909
0.332731
0.676968
0.461523
0.310926
0.961966
0.537003
0.052975
0.414656
0.133500
0.649982
0.935722
0.780234
0.647578
0.593420
0.674289
0.902850
0.730067
0.138304
0.207001
0.104162
0.633404
0.565381
0.883461
0.929638
0.009040
0.073236
0.507884
0.184563
0.895103
0.246921
0.982044
0.327475
0.663059
0.055878
0.641575
0.439768
0.767098
0.349917
0.879384
0.490217
0.640010
0.321975
0.149925
0.113180
0.579295
0.906440
0.948080
0.619215
0.967250
0.581759
0.856401
0.456872
0.668802
0.546096
0.254459
0.844409
0.950818
0.734792
0.784056
0.790175
0.766650
0.648365
0.164041
0.220422
0.749664
0.459811
0.448495
0.433277
0.759507
0.369952
0.322010
0.597652
0.324856
0.679575
0.525846
0.515811
0.826401
0.547126
0.008681
0.368369
0.763811
0.900699
0.895730
0.660456
0.950437
0.473066
0.869970
0.087806
0.979501
0.428511
0.059226
0.541523
0.805515
0.550204
0.022863
0.970254
0.784684
0.456882
0.931842
0.318554
0.018050
0.817567
0.535882
0.260154
0.341114
0.033083
0.011484
0.944915
0.803692
0.353124
0.284559
0.478194
0.983763
0.897617
0.921424
0.351388
0.979041
0.551128
0.181898
0.542399
0.420040
0.199071
0.328268
0.504766
0.348368
0.274459
0.783851
0.764228
0.304009
0.083956
0.234928
0.341448
0.465335
0.881971
0.269780
0.719667
0.185609
0.161552
0.648586
0.576027
0.769712
0.130830
0.797930
0.995319
0.834870
0.843751
0.623667
0.384893
0.099096
0.953864
0.235897
0.809505
0.941135
0.559900
0.679805
0.964819
0.575629
0.111903
0.266097
0.508350
0.187277
0.846648
0.594812
0.966558
0.867719
0.721123
0.866232
0.936883
0.698917
0.312786
0.572650
0.803436
0.826757
0.655391
0.164761
0.685126
0.868646
0.479092
0.786395
0.834947
0.498836
0.823609
0.671372
0.209192
0.555238
0.493177
0.296209
0.425343
0.511469
0.322055
0.882443
0.827375
0.657877
0.719324
0.342307
0.877235
0.835310
0.461731
0.261517
0.591246
0.065366
0.203337
0.012926
0.240179
0.920871
0.670703
0.594770
0.031746
0.980354
0.012381
0.287295
0.994272
0.210242
0.271446
0.721476
0.780280
0.618551
0.449828
0.453604
0.608751
0.023806
0.133188
0.639481
0.064810
0.282947
0.145098
0.901971
0.975578
0.821965
0.199255
0.985666
0.080950
0.813030
0.018507
0.292409
0.718041
0.841850
0.889413
0.891423
0.238059
0.409008
0.121107
0.097801
0.374345
0.109047
0.377210
0.213115
0.280336
0.831024
0.349531
0.521864
0.456203
0.824312
0.742324
0.137552
0.282910
0.973376
0.035836
0.792115
0.382437
0.125291
0.997905
0.162458
0.522938
0.813737
0.412350
0.827850
0.287562
0.223237
0.992917
0.451936
0.225697
0.737372
0.951511
0.283100
0.705389
0.914733
0.189484
0.566941
0.185679
0.236358
0.580714
0.964610
0.127613
0.468405
0.315233
0.570749
0.262681
0.983803
0.772153
0.624801
0.437410
0.886645
0.890638
0.509421
0.752903
0.283062
0.507668
0.129745
0.218027
0.542329
0.631362
0.267276
0.635040
0.891959
0.118583
0.002126
0.936379
0.190533
0.725603
0.797361
0.691377
0.222006
0.000555
0.339216
0.001643
0.355256
0.986438
0.726913
0.503878
0.912616
0.203415
0.105839
0.698848
0.091136
0.879163
0.337835
0.325288
0.780332
0.896014
0.802343
0.997474
0.120169
0.423643
0.922161
0.825219
0.143034
0.706063
0.507565
0.235041
0.343429
0.971650
0.512527
0.711248
0.519167
0.934981
0.296805
0.675704
0.727785
0.859209
0.987635
0.225009
0.701955
0.647736
0.034789
0.943851
0.567621
0.933941
0.552729
0.513288
0.208622
0.637690
0.543641
0.332690
0.121554
0.957409
0.595057
0.874115
0.104609
0.266442
0.145853
0.987847
0.624154
0.882460
0.914344
0.877861
0.202793
0.178671
0.582250
0.965959
0.672661
0.005568
0.328259
0.363328
0.637708
0.891982
0.304961
0.168268
0.988706
0.994179
0.652883
0.308844
0.814759
0.261750
0.145389
0.149212
0.555027
0.789055
0.058181
0.578359
0.734448
0.820959
0.357175
0.800024
0.127190
0.381616
0.798467
0.542535
0.691585
0.995051
0.034174
0.907320
0.120306
0.466287
0.317875
0.574842
0.349512
0.191769
0.903417
0.586698
0.870751
0.967837
0.730826
0.422652
0.189320
0.765996
0.493083
0.591328
0.272884
0.443727
0.677500
0.453332
0.334066
0.859605
0.675467
0.495545
0.790769
0.361453
0.554300
0.775337
0.747995
0.116301
0.584951
0.753449
0.844887
0.250887
0.119326
0.234306
0.810759
0.271460
0.910967
0.632492
0.573861
0.731624
0.472838
0.284153
0.266629
0.616980
0.565972
0.022073
0.971170
0.415323
0.412730
0.733164
0.548725
0.341121
0.728415
0.117136
0.396874
0.683054
0.164997
0.365086
0.478224
0.743346
0.260702
0.976758
0.464326
0.337640
0.489202
0.435226
0.338584
0.324172
0.502171
0.957748
0.301894
0.130998
0.158946
0.041542
0.324765
0.750007
0.437054
0.023236
0.189680
0.166488
0.817339
0.370736
0.367440
0.692996
0.237453
0.926270
0.571238
0.176254
0.207463
0.819350
0.332222
0.545866
0.181302
0.268410
0.440292
0.673567
0.777847
0.989859
0.593879
0.011770
0.945340
0.433317
0.102458
0.980169
0.662932
0.561762
0.985551
0.569127
0.273078
0.395354
0.311958
0.128620
0.038542
0.037680
0.122973
0.811470
0.017768
0.403173
0.783342
0.639636
0.852351
0.364449
0.103691
0.662288
0.560373
0.538315
0.078206
0.174439
0.929351
0.429209
0.581280
0.464869
0.602534
0.148798
0.866910
0.062096
0.452324
0.430505
0.214566
0.947145
0.334540
0.157713
0.565299
0.701864
0.817307
0.124376
0.491840
0.061535
0.978295
0.246819
0.346419
0.840535
0.864066
0.945449
0.930082
0.699790
0.705289
0.915137
0.527236
0.724779
0.481556
0.003033
0.649178
0.282834
0.929565
0.412540
0.330358
0.128487
0.588401
0.952216
0.321134
0.225612
0.975689
0.548351
0.020749
0.255117
0.488351
0.739955
0.494303
0.276929
0.121719
0.374933
0.417452
0.515034
0.600762
0.226169
0.292597
0.734298
0.017172
0.746288
0.780304
0.177857
0.566056
0.679837
0.489710
0.533781
0.475992
0.751644
0.071659
0.899802
0.726193
0.150088
0.958333
0.214832
0.644524
0.024054
0.593102
0.126025
0.980141
0.712298
0.494376
0.760144
0.544477
0.923989
0.997173
0.367967
0.014344
0.589178
0.016186
0.310492
0.990895
0.597929
0.674079
0.355695
0.908190
0.146876
0.138765
0.754574
0.885126
0.911958
0.513420
0.065250
0.114478
0.766064
0.122987
0.193857
0.882792
0.260361
0.040904
0.620986
0.814893
0.588035
0.199823
0.282420
0.436753
0.249212
0.930064
0.072919
0.650466
0.135795
0.269551
0.441799
0.215082
0.254973
0.888981
0.049065
0.827051
0.810157
0.975981
0.950829
0.894028
0.858083
0.921999
0.282789
0.595787
0.260838
0.155675
0.910490
0.325991
0.151558
0.966448
0.015145
0.108574
0.632548
0.662157
0.083746
0.082483
0.924577
0.904358
0.272223
0.648532
0.686086
0.565142
0.610396
0.372105
0.721081
0.949179
0.017488
0.235481
0.794435
0.724749
0.596912
0.333509
0.773368
0.407504
0.179129
0.606399
0.813853
0.740720
0.581283
0.703369
0.810682
0.815781
0.552399
0.570900
0.829967
0.276642
0.872864
0.859354
0.742807
0.452037
0.576963
0.741697
0.778872
0.759161
0.767212
0.238088
0.218667
0.222595
0.989235
0.640071
0.943216
0.452205
0.635937
0.128128
0.059913
0.923791
0.349728
0.176343
0.323301
0.906201
0.891540
0.837925
0.569520
0.878697
0.445395
0.505340
0.883174
0.782292
0.827263
0.238799
0.715379
0.948834
0.566973
0.256864
0.671720
0.051560
0.331924
0.682904
0.188892
0.920897
0.661328
0.141163
0.818756
0.569240
0.479769
0.296196
0.338567
0.268468
0.358796
0.929398
