0.513864
0.784644
0.706491
0.750545
0.910414
0.099270
0.699508
0.833275
0.866516
0.148256
0.854092
0.719155
0.376158
0.612204
0.093659
0.559780
0.064830
0.130800
0.238296
0.233280
0.135331
0.227348
0.581525
0.649391
0.813377
0.156073
0.656175
0.526720
0.460480
0.993885
0.997589
0.516263
0.933245
0.896183
0.720080
0.431302
0.935307
0.328446
0.424428
0.033502
0.800836
0.458662
0.278138
0.138463
0.134887
0.367667
0.652323
0.039092
0.023300
0.203574
0.887229
0.896609
0.647341
0.163445
0.448682
0.061224
0.359163
0.096537
0.457698
0.628133
0.264048
0.288395
0.511885
0.143487
0.957105
0.308601
0.117779
0.616880
0.087477
0.648452
0.259056
0.566876
0.650794
0.728111
0.666391
0.991910
0.705926
0.468929
0.869718
0.852748
0.585516
0.155133
0.687615
0.961360
0.387245
0.291517
0.037186
0.863666
0.959669
0.054124
0.783614
0.676863
0.310998
0.763611
0.634358
0.849479
0.705994
0.963723
0.129334
0.790664
0.687668
0.670169
0.724867
0.448339
0.997646
0.255969
0.186636
0.536602
0.102634
0.922924
0.936174
0.043258
0.019093
0.914320
0.933545
0.510421
0.284744
0.810563
0.343334
0.458469
0.443837
0.097924
0.576401
0.703630
0.731923
0.432291
0.078564
0.536140
0.762993
0.462249
0.996917
0.842989
0.280945
0.616378
0.225512
0.339202
0.648447
0.940185
0.981858
0.235906
0.182479
0.353647
0.592136
0.338787
0.701678
0.751109
0.837950
0.327018
0.890177
0.882990
0.836466
0.926271
0.629556
0.935542
0.444510
0.603176
0.221073
0.881518
0.781426
0.605343
0.109254
0.893027
0.403117
0.483290
0.393946
0.252053
0.018547
0.746964
0.449141
0.831951
0.532678
0.200832
0.079807
0.588111
0.457954
0.602467
0.316461
0.511382
0.820706
0.032595
0.970148
0.562961
0.542903
0.072937
0.527766
0.914493
0.912587
0.138784
0.866962
0.471164
0.367746
0.904615
0.274125
0.106029
0.205086
0.561964
0.790392
0.641784
0.995706
0.636815
0.054052
0.908663
0.626913
0.528269
0.534614
0.584379
0.277732
0.045844
0.239465
0.450931
0.438955
0.132268
0.595183
0.469890
0.127829
0.860853
0.373540
0.377855
0.196361
0.508482
0.580675
0.435718
0.846692
0.692805
0.288551
0.510725
0.951098
0.358750
0.797652
0.817558
0.075328
0.122006
0.498251
0.805629
0.942055
0.300163
0.208896
0.751915
0.538548
0.609417
0.042695
0.802494
0.946471
0.896526
0.769512
0.489327
0.784235
0.563564
0.348494
0.554110
0.069662
0.893429
0.515594
0.576878
0.467015
0.208207
0.651243
0.945603
0.276073
0.437638
0.352150
0.790147
0.057401
0.495386
0.659380
0.287428
0.707768
0.479125
0.052468
0.649282
0.379125
0.523971
0.428507
0.391910
0.634088
0.374200
0.881841
0.837520
0.925804
0.625961
0.490123
0.709089
0.293035
0.321020
0.095915
0.136141
0.039017
0.026066
0.465307
0.433543
0.157526
0.470768
0.926937
0.281902
0.242403
0.321751
0.221117
0.228823
0.542284
0.650025
0.595772
0.408118
0.456040
0.018197
0.842334
0.997856
0.343659
0.208460
0.431282
0.156764
0.093847
0.368451
0.735289
0.100687
0.188404
0.252865
0.263382
0.179974
0.585651
0.227304
0.422413
0.864309
0.049879
0.250004
0.002274
0.600847
0.378587
0.397112
0.765392
0.083441
0.849094
0.256889
0.410250
0.474639
0.639701
0.581277
0.749830
0.624323
0.040461
0.961715
0.521575
0.668224
0.085989
0.954912
0.390802
0.993503
0.775774
0.919021
0.991743
0.332484
0.138989
0.707152
0.597360
0.867099
0.062019
0.825572
0.208691
0.046831
0.247498
0.909735
0.469249
0.454832
0.131379
0.779013
0.408258
0.813407
0.788241
0.634627
0.603774
0.757421
0.849508
0.130439
0.461795
0.460632
0.590785
0.426063
0.772673
0.895618
0.276833
0.970768
0.899791
0.219288
0.789817
0.778564
0.358342
0.604047
0.244068
0.084827
0.275668
0.171049
0.468615
0.658932
0.297711
0.632872
0.449820
0.516225
0.931334
0.305034
0.079608
0.901624
0.485647
0.463764
0.788028
0.415852
0.336651
0.031542
0.655631
0.734061
0.364479
0.750896
0.793825
0.482801
0.596340
0.628526
0.233916
0.840526
0.723263
0.757869
0.912929
0.921422
0.352244
0.477394
0.834219
0.865370
0.137088
0.199094
0.798676
0.901808
0.333665
0.865745
0.875953
0.851041
0.186112
0.570870
0.357224
0.031392
0.189815
0.550886
0.939268
0.928270
0.638631
0.897152
0.145556
0.059910
0.441724
0.343402
0.912554
0.102345
0.482676
0.407291
0.712514
0.897647
0.638458
0.191257
0.706479
0.130447
0.825591
0.092844
0.041642
0.557542
0.330067
0.102174
0.961555
0.846442
0.307594
0.462695
0.804834
0.529899
0.341988
0.022069
0.044848
0.466376
0.415571
0.030132
0.544638
0.020604
0.976576
0.362560
0.069060
0.739179
0.652154
0.885595
0.828270
0.703648
0.157591
0.838538
0.502348
0.859958
0.823093
0.741693
0.478406
0.070673
0.446595
0.463712
0.157100
0.269154
0.020912
0.692112
0.375275
0.545020
0.172776
0.418826
0.914257
0.770524
0.925147
0.896163
0.676065
0.522299
0.968890
0.873695
0.285212
0.303305
0.465600
0.546546
0.228136
0.757918
0.787915
0.818530
0.472628
0.574020
0.391323
0.970854
0.683417
0.515608
0.722091
0.833904
0.431550
0.043153
0.518929
0.994759
0.095648
0.305247
0.723757
0.728590
0.281204
0.022674
0.281798
0.459124
0.642573
0.649432
0.433713
0.192473
0.845012
0.535482
0.293323
0.834408
0.819835
0.619066
0.770115
0.445376
0.130319
0.389762
0.687247
0.030475
0.025915
0.168758
0.213839
0.760758
0.357163
0.910966
0.625040
0.356690
0.559004
0.519669
0.660777
0.241393
0.035864
0.424296
0.194528
0.031506
0.878601
0.129951
0.589884
0.628720
0.733181
0.994165
0.987239
0.751283
0.303207
0.113233
0.771637
0.141196
0.254532
0.798236
0.092435
0.911092
0.695014
0.902115
0.797797
0.306730
0.496713
0.465927
0.811082
0.435020
0.740811
0.448997
0.231904
0.805391
0.707847
0.936690
0.827441
0.127583
0.523619
0.027617
0.269947
0.759788
0.558759
0.399600
0.815763
0.754179
0.944788
0.376768
0.011660
0.797278
0.307674
0.942762
0.574652
0.029051
0.453481
0.300073
0.052224
0.659094
0.794813
0.444296
0.387296
0.501696
0.706186
0.290028
0.423217
0.749486
0.354267
0.412731
0.232584
0.367616
0.245673
0.387135
0.361607
0.226704
0.461818
0.378577
0.049112
0.770251
0.317578
0.842115
0.295005
0.089141
0.510590
0.601038
0.438778
0.553046
0.099080
0.374486
0.466483
0.337086
0.919689
0.483741
0.146600
0.656628
0.767959
0.020850
0.386990
0.874767
0.832016
0.959481
0.897359
0.251938
0.266551
0.571945
0.224510
0.893240
0.157616
0.066356
0.132471
0.944458
0.413594
0.141904
0.583352
0.714866
0.202041
0.933066
0.015404
0.030609
0.052597
0.335311
0.371857
0.966679
0.688963
0.626780
0.276862
0.266014
0.571953
0.360609
0.933163
0.197784
0.436005
0.390664
0.562510
0.232139
0.271318
0.253456
0.697306
0.657813
0.420041
0.316455
0.373068
0.667830
0.659443
0.291111
0.928653
0.417429
0.849338
0.194030
0.825178
0.575666
0.858494
0.966119
0.100797
0.645761
0.372110
0.723731
0.326724
0.720473
0.717961
0.796825
0.799156
0.231094
0.635620
0.860511
0.096449
0.698788
0.439611
0.685609
0.509441
0.589150
0.377739
0.912138
0.057564
0.105774
0.745899
0.221286
0.703289
0.521540
0.389222
0.658204
0.698947
0.720596
0.095729
0.238416
0.622706
0.710403
0.258820
0.218898
0.433671
0.647045
0.509295
0.631448
0.854962
0.595190
0.754601
0.584521
0.046968
0.794108
0.755160
0.954918
0.034780
0.866338
0.907005
0.763882
0.971674
0.261988
0.984846
0.054892
0.028033
0.225635
0.419591
0.371508
0.460374
0.663028
0.012747
0.209677
0.611166
0.626453
0.829438
0.600292
0.705740
0.001319
0.009137
0.295666
0.755437
0.006380
0.024918
0.872322
0.402059
0.267640
0.996236
0.488971
0.802053
0.614917
0.710882
0.435278
0.657998
0.799684
0.502037
0.499434
0.809187
0.225177
0.980442
0.016096
0.391080
0.138196
0.986601
0.250721
0.883686
0.617764
0.432065
0.175955
0.038438
0.250578
0.675455
0.814291
0.991815
0.317748
0.973791
0.929983
0.785777
0.666320
0.722889
0.647961
0.797614
0.872349
0.578598
0.234026
0.234710
0.217802
0.147070
0.995493
0.927766
0.067982
0.412203
0.217146
0.607875
0.126403
0.869478
0.504051
0.962352
0.353637
0.963352
0.610725
0.043612
0.985807
0.919458
0.577926
0.331169
0.570732
0.886086
0.407700
0.697911
0.412203
0.179973
0.018059
0.838483
0.519711
0.898256
0.795953
0.343675
0.474110
0.038346
0.912708
0.686945
0.314124
0.741083
0.297807
0.431112
0.446283
0.543873
0.761553
0.804081
0.489765
0.252469
0.233761
0.100687
0.059768
0.948006
0.782368
0.394065
0.648513
0.644955
0.806055
0.755428
0.264914
0.514060
0.429703
0.671649
0.615655
0.600419
0.698474
0.819365
0.121543
0.680713
0.165530
0.160568
0.609235
0.097986
0.111028
0.273322
0.491104
0.542238
0.501445
0.902072
0.434616
0.966305
0.761303
0.506758
0.396413
0.971561
0.153133
0.362876
0.732462
0.844793
0.384230
0.934315
0.839911
0.960769
0.799327
0.937475
0.653252
0.493203
0.235297
0.027315
0.227925
0.666089
0.262501
0.446777
0.452063
0.968668
0.548881
0.574150
0.791826
0.234778
0.545019
0.006365
0.031853
0.933494
0.589907
0.848143
0.442380
0.615920
0.122644
0.826534
0.800188
0.349933
0.706011
0.364557
0.514040
0.352012
0.212874
0.123694
0.543320
0.701787
0.365354
0.381144
0.887460
0.020717
0.005781
0.287959
0.417784
0.340643
0.931432
0.480380
0.433668
0.212072
0.043932
0.675365
0.944953
0.104697
0.790607
0.713191
0.801904
0.143272
0.460966
0.406106
0.256340
0.063949
0.178747
0.040649
0.227063
0.303705
0.888883
0.997790
0.945110
0.631023
0.878229
0.676205
0.030687
0.124895
0.659252
0.121812
0.972463
0.067298
0.688755
0.895540
0.065931
0.771637
0.587788
0.882128
0.459373
0.986434
0.410633
0.871745
0.123395
0.669516
0.471956
0.685348
0.743761
0.202978
0.804099
0.971493
0.289589
0.695340
0.471626
0.295596
0.329566
0.495714
0.756378
0.065238
0.291973
0.217858
0.624762
0.643277
0.917256
0.867342
0.061049
0.938114
0.951474
0.891778
0.388608
0.100459
0.730543
0.934618
0.273749
0.978282
0.148319
0.175207
0.712974
0.288490
0.820374
0.970806
0.420268
0.619721
0.322815
0.896088
0.534883
0.420656
0.052426
0.746919
0.653960
0.516405
0.397466
0.382283
0.692965
0.423296
0.502020
0.878577
0.347074
0.995454
0.581336
0.598157
0.099417
0.994093
0.691092
0.616328
0.430739
0.659715
0.210729
0.296201
0.368918
0.463404
0.330125
0.429486
0.686925
0.557364
0.095287
0.542251
0.532732
0.530320
0.946881
0.129150
0.380960
0.906103
0.289237
0.250807
0.229561
0.814718
0.366310
0.141033
0.863001
0.775776
0.906158
0.873666
0.700904
0.891042
0.477929
0.712006
0.983450
0.431941
0.996991
0.606501
0.503942
0.541080
0.753357
0.875864
0.246087
0.902545
0.039109
0.685506
0.730341
0.384810
0.785994
0.257538
0.294216
0.973471
0.056331
0.316848
0.832570
0.475361
0.926706
0.902367
0.722386
0.373564
0.989094
0.829374
0.182972
0.000989
0.206992
0.353450
0.118675
0.363798
0.706596
0.601737
0.210186
0.431004
0.570180
0.280064
0.561649
0.786648
0.132333
0.571255
0.035231
0.161751
0.678859
0.553560
0.413002
0.847187
0.473001
0.654353
0.489208
0.468590
0.647074
0.183901
0.745406
0.114934
0.950066
0.414522
0.178919
0.242687
0.423075
0.110576
0.474013
0.504937
0.127102
0.855040
0.421428
0.994998
0.380009
0.290358
0.533312
0.472861
0.587252
0.443860
0.946305
0.822232
0.663747
0.762745
0.287733
0.141684
0.439134
0.407194
0.235165
0.742914
0.844347
0.345682
0.136121
0.314765
0.916694
0.314502
0.221704
0.182926
0.450062
0.498096
0.537217
0.927697
0.013874
0.770946
0.330674
0.472540
0.226299
0.746227
0.898254
0.409442
0.936798
0.819239
0.635678
0.567223
0.234863
0.031227
0.612907
0.157899
0.016620
0.664722
0.693516
0.971489
0.211552
0.619424
0.619076
0.978266
0.609483
0.407609
0.801407
0.476847
0.948813
0.127235
0.271613
0.121158
0.061661
0.213792
0.259866
0.356160
0.014233
0.031776
0.841784
0.675106
0.142217
0.042452
0.437648
0.945004
0.884236
0.354074
0.174877
0.192254
0.542739
0.790512
0.305563
0.744659
0.744700
0.825775
0.534940
0.445887
0.034626
0.968444
0.806213
0.933135
0.941517
0.830553
0.172751
0.903753
0.020927
0.475163
0.778275
0.272699
0.437915
0.175272
0.724449
0.938000
0.009595
0.177832
0.755905
0.968702
0.348179
0.345617
0.570073
0.279502
0.467819
0.085670
0.469501
0.863147
0.444378
0.717585
0.841397
0.138599
0.434795
0.666002
0.468829
0.637631
0.433022
0.019710
0.156635
0.462148
0.472194
0.700622
0.100680
0.831117
0.122187
0.634048
0.020619
0.446936
0.988514
0.511613
0.604394
0.044701
0.396554
0.631048
0.637595
0.147432
0.147895
0.073413
0.471669
0.851672
0.670409
0.698344
0.133298
0.157564
0.735139
0.730999
0.773665
0.703916
0.540123
0.020556
0.006065
0.189314
0.284242
0.588126
0.633345
0.479084
0.302971
0.758221
0.503178
0.032510
0.428521
0.789091
0.093758
0.161705
0.963328
0.934585
0.251495
0.610414
0.648286
0.380028
0.459473
0.735882
0.655048
0.906418
0.619857
0.553722
0.502977
0.676279
0.375977
0.753130
0.050496
0.475764
0.516517
0.654329
0.928723
0.949512
0.612515
0.928466
0.799322
0.152599
0.849778
0.461207
0.401521
0.415094
0.535756
0.754049
0.977333
0.187569
0.962052
0.559483
0.430091
0.904424
0.988005
0.863451
0.593331
0.469836
0.323980
0.825648
0.255514
0.885684
0.420322
0.897891
0.554904
0.088234
0.422143
0.517064
0.038287
0.392985
0.539713
0.839212
0.058354
0.618564
0.640910
0.956076
0.476649
0.645785
0.129065
0.225767
0.596614
0.489228
0.394093
0.706540
0.761804
0.656016
0.940117
0.295898
0.510271
0.407098
0.620416
0.697588
0.911848
0.258612
0.681798
0.179001
0.546414
0.206837
0.050799
0.033496
0.843001
0.795433
0.940988
0.977872
0.874948
0.991403
0.240168
0.338150
0.474944
0.955668
0.212799
0.425005
0.536930
0.472255
0.340217
0.967038
0.129669
0.135239
0.303601
0.655436
0.708476
0.944178
0.846344
0.976485
0.726787
0.812219
0.729555
0.906492
0.789292
0.774455
0.038520
0.000936
0.058061
0.918518
0.619373
0.307387
0.081397
0.903261
0.614301
0.455664
0.817350
0.561779
0.961785
0.830663
0.863752
0.595771
0.004527
0.485000
0.248940
0.877134
0.684651
0.070968
0.005142
0.062313
0.693195
0.630551
0.597075
0.739173
0.645372
0.585325
0.486679
0.513000
0.674674
0.032960
0.066083
0.441677
0.211299
0.290719
0.031400
0.510532
0.584046
0.492511
0.782799
0.705622
0.674580
0.480217
0.632113
0.659534
0.272608
0.048766
0.523026
0.378256
0.825598
0.934460
0.910782
0.844896
0.604056
0.728262
0.985966
0.756261
0.329641
0.246323
0.890051
0.855493
0.397796
0.373263
0.074504
0.055939
0.944069
0.744194
0.712289
0.740215
0.471477
0.066999
0.701705
0.361862
0.892409
0.298279
0.787776
0.576295
0.425821
0.916464
0.104352
0.578903
0.771783
0.449286
0.693973
0.894325
0.841880
0.632043
0.039524
0.805681
0.386480
0.034234
0.370337
0.123492
0.103825
0.998884
0.084711
0.486461
0.434966
0.453198
0.196379
0.164820
0.069453
0.826472
0.982969
0.570427
0.419137
0.361464
0.532337
0.442988
0.644818
0.941450
0.616018
0.096253
0.651946
0.980308
0.686731
0.989059
0.278953
0.100299
0.722025
0.278990
0.979966
0.596104
0.751371
0.173633
0.071204
0.213836
0.969452
0.994651
0.063180
0.167291
0.629857
0.424157
0.165805
0.560571
0.067895
0.744758
0.743667
0.222530
0.783591
0.278087
0.154253
0.523779
0.722239
0.163933
0.344786
0.451131
0.364507
0.108031
0.163602
0.265878
0.365841
0.804014
0.151336
0.866999
0.189842
0.285534
0.302698
0.691642
0.310763
0.559095
0.202058
0.527962
0.413875
0.979970
0.911361
0.382601
0.317544
0.347191
0.322155
0.139008
0.758843
0.021245
0.575831
0.404700
0.299575
0.054182
0.357590
0.978075
0.188217
0.358638
0.887115
0.626688
0.126584
0.760983
0.141142
0.645387
0.240341
0.077118
0.971495
0.198845
0.386339
0.998962
0.426620
0.988396
0.572433
0.581955
0.448210
0.096900
0.702769
0.473420
0.284487
0.253888
0.364633
0.059979
0.438043
0.819387
0.131477
0.403886
0.908908
0.838406
0.117079
0.712055
0.937522
0.504570
0.382118
0.414038
0.241136
0.094563
0.458109
0.782389
0.106017
0.160859
0.873142
0.640813
0.882843
0.842757
0.827027
0.945481
0.198618
0.233570
0.885374
0.985531
0.646848
0.468281
0.238885
0.460045
0.653840
0.024945
0.044722
0.864855
0.029042
0.758631
0.399560
0.772463
0.127128
0.533590
0.182737
0.217708
0.830944
0.624539
0.225153
0.043008
0.024414
0.085188
0.850996
0.936099
0.591795
0.109595
0.560048
0.586608
0.651554
0.018756
0.113029
0.234693
0.771517
0.165368
0.192078
0.119921
0.139804
0.607021
0.544388
0.130933
0.415358
0.322248
0.571917
0.444936
0.482616
0.358275
0.808377
0.225878
0.081174
0.627958
0.061330
0.657589
0.487450
0.165266
0.611819
0.896483
0.127840
0.471430
0.495338
0.503610
0.657400
0.695180
0.624175
0.538755
0.115815
0.237836
0.933862
0.697210
0.138026
0.129802
0.339427
0.469559
0.293175
0.382213
0.132026
0.048731
0.936677
0.661611
0.185238
0.920647
0.151680
0.828543
0.515364
0.709479
0.197244
0.336757
0.383094
0.158424
0.426010
0.518734
0.192772
0.735294
0.837178
0.875887
0.989382
0.937966
0.951256
0.290999
0.883009
0.391412
0.100924
0.249050
0.264285
0.127853
0.432550
0.418793
0.419974
0.261220
0.689711
0.363433
0.782377
0.626933
0.920418
0.276081
0.494087
0.695502
0.856609
0.845274
0.191453
0.386942
0.179775
0.846000
0.171869
0.796462
0.991234
0.992875
0.401381
0.940341
0.958275
0.991168
0.569006
0.223849
0.821623
0.156389
0.243465
0.947056
0.484094
0.382323
0.347461
0.588022
0.919631
0.012402
0.115358
0.477194
0.244422
0.182548
0.583610
0.640895
0.080960
0.866307
0.513183
0.382844
0.603906
0.665435
0.281532
0.888476
0.427274
0.870264
0.872057
0.174201
0.396619
0.259627
0.834017
0.952759
0.221897
0.267990
0.598785
0.197086
0.800948
0.303695
0.817607
0.174475
0.600111
0.764082
0.742591
0.898002
0.289023
0.350552
0.806224
0.977926
0.151389
0.689094
0.802559
0.438739
0.273207
0.351509
0.889491
0.706886
0.993037
0.102028
0.757307
0.661568
0.332949
0.874623
0.566481
0.569291
0.492788
0.082653
0.806000
0.476617
0.569278
0.607218
0.323426
0.889136
0.662212
0.854479
0.610830
0.967380
0.959565
0.694411
0.187385
0.539368
0.746098
0.908978
0.660193
0.083902
0.007536
0.821876
0.593074
0.589297
0.013307
0.637339
0.214448
0.160136
0.118286
0.653126
0.154822
0.496475
0.824669
0.407772
0.024799
0.577935
0.524571
0.197372
0.890574
0.088426
0.352008
0.804988
0.764073
0.285524
0.073852
0.009584
0.648109
0.315273
0.240311
0.558799
0.789188
0.827136
0.970313
0.792940
0.088021
0.475952
0.918176
0.256201
0.372711
0.535151
0.874638
0.866329
0.275929
0.980373
0.974890
0.839148
0.386171
0.273287
0.731874
0.908333
0.561666
0.909593
0.331864
0.790947
0.504593
0.872921
0.806877
0.383024
0.313689
0.857036
0.002039
0.992779
0.946495
0.809205
0.682149
0.938517
0.620974
0.311558
0.071517
0.432259
0.068124
0.186744
0.482348
0.521435
0.512633
0.815841
0.795814
0.180447
0.660327
0.639799
0.988498
0.171016
0.325400
0.501086
0.058979
0.939714
0.593968
0.496563
0.125172
0.950226
0.722712
0.608525
0.178548
0.260930
0.034066
0.839287
0.963561
0.120738
0.192540
0.388152
0.939841
0.023851
0.921676
0.023778
0.380596
0.847379
0.971585
0.373198
0.535621
0.068913
0.199214
0.145586
0.398877
0.176485
0.097034
0.551867
0.698073
0.957048
0.643842
0.536318
0.764130
0.449398
0.902491
0.296023
0.305814
0.836145
0.777062
0.002149
0.601720
0.972750
0.971782
0.930447
0.710771
0.514773
0.896797
0.769907
0.595546
0.127355
0.501138
0.810790
0.933893
0.642671
0.385822
0.703811
0.081232
0.223153
0.430295
0.126268
0.611445
0.820172
0.619802
0.942166
0.975891
0.813645
0.256616
0.120676
0.714575
0.941631
0.430284
0.005966
0.208593
0.464998
0.374653
0.279483
0.243285
0.715772
0.964215
0.715876
0.778759
0.975633
0.028669
0.193328
0.099667
0.902010
0.829822
0.691819
0.406220
0.837786
0.348404
0.945542
0.832307
0.090691
0.574232
0.071400
0.431792
0.840368
0.160328
0.601480
0.370958
0.213737
0.146864
0.555200
0.876325
0.061176
0.602204
0.470411
0.022597
0.552932
0.943007
0.649873
0.769367
0.910460
0.153452
0.159171
0.560269
0.043555
0.707520
0.773625
0.877179
0.921683
0.018222
0.112591
0.763486
0.611078
0.856895
0.635792
0.723256
0.988227
0.225476
0.865458
0.772102
0.078645
0.585004
0.906228
0.287761
0.164346
0.443061
0.604723
0.204909
0.770317
0.789268
0.614588
0.000239
0.179353
0.717197
0.767319
0.667092
0.907344
0.889757
0.408541
0.511139
0.706661
0.110560
0.601228
0.921292
0.836084
0.940432
0.631784
0.358875
0.575513
0.190144
0.905758
0.819094
0.686332
0.994123
0.877794
0.009284
0.264580
0.804388
0.330886
0.137305
0.628720
0.921413
0.941190
0.771291
0.505808
0.316431
0.502827
0.890700
0.393171
0.512306
0.984957
0.155953
0.221377
0.297148
0.192676
0.422024
0.042723
0.220955
0.492811
0.612396
0.294301
0.039046
0.098919
0.062118
0.562040
0.421285
0.941324
0.973789
0.108615
0.827282
0.563967
0.932437
0.268083
0.169171
0.716269
0.406440
0.675784
0.409317
0.945949
0.420583
0.164494
0.665148
0.731051
0.517237
0.662162
0.137548
0.151019
0.867880
0.762535
0.041385
0.190265
0.311740
0.408527
0.626093
0.497237
0.399791
0.483614
0.436496
0.019644
0.686112
0.703023
0.687752
0.526216
0.810181
0.812365
0.095473
0.482452
0.055797
0.531768
0.385377
0.300127
0.828908
0.646062
0.208819
0.306242
0.724544
0.356239
0.100716
0.372133
0.155579
0.540943
0.274019
0.187487
0.805771
0.179142
0.715024
0.480054
0.852944
0.188098
0.013536
0.866940
0.419356
0.030117
0.687282
0.409219
0.175923
0.571962
0.253058
0.858734
0.130801
0.223023
0.146011
0.656433
0.799639
0.216018
0.943891
0.194430
0.319871
0.687548
0.097894
0.662205
0.036414
0.836140
0.113070
0.046157
0.302688
0.688804
0.657844
0.180243
0.107469
0.719306
0.705740
0.918133
0.301275
0.056718
0.252166
0.543895
0.429298
0.675274
0.402412
0.068545
0.106698
0.364418
0.487124
0.357972
0.037657
0.873323
0.299316
0.410706
0.717238
0.069659
0.409508
0.413190
0.616353
0.526948
0.494736
0.257936
0.050164
0.313670
0.723364
0.854887
0.468757
0.190424
0.940859
0.651111
0.298359
0.493811
0.404004
0.705907
0.003115
0.383412
0.584763
0.861302
0.970917
0.979135
0.966835
0.063025
0.372597
0.320085
0.000158
0.078004
0.925628
0.672121
0.548112
0.183936
0.431536
0.525051
0.240531
0.971423
0.290257
0.757865
0.193557
0.769351
0.232980
0.539417
0.182691
0.243175
0.067852
0.871249
0.629890
0.045871
0.995372
0.853362
0.296653
0.507442
0.811309
0.019710
0.887024
0.284155
0.084682
0.577648
0.227184
0.961013
0.107550
0.787018
0.918784
0.990654
0.991982
0.074688
0.249118
0.688271
0.219130
0.059868
0.742904
0.623779
0.670804
0.427613
0.003814
0.823805
0.165669
0.006364
0.650083
0.522506
0.623939
0.456852
0.065394
0.279038
0.978245
0.309886
0.452038
0.999852
0.062875
0.081431
0.559816
0.006988
0.194791
0.564262
0.098042
0.900770
0.234607
0.051024
0.522506
0.828085
0.954691
0.043040
0.680289
0.043081
0.372560
0.289921
0.289920
0.818454
0.198069
0.171629
0.304943
0.046793
0.146526
0.031156
0.899101
0.949232
0.319656
0.908176
0.522038
0.558377
0.371323
0.682484
0.994593
0.017856
0.159438
0.234798
0.484668
0.111000
0.670729
0.530082
0.016523
0.014491
0.621524
0.877959
0.387311
0.705417
0.644388
0.901350
0.216087
0.786858
0.257759
0.703945
0.926794
0.436513
0.837613
0.594728
0.882772
0.819195
0.360308
0.016805
0.918702
0.064480
0.173122
0.617628
0.766341
0.988695
0.952426
0.081547
0.092392
0.596898
0.962878
0.674013
0.042761
0.267072
0.725112
0.568408
0.842660
0.743184
0.277713
0.584131
0.285502
0.157151
0.507101
0.230447
0.034324
0.513989
0.213244
0.204513
0.219759
0.902752
0.851727
0.127406
0.828178
0.737424
0.124747
0.211838
0.401140
0.593897
0.419311
0.025524
0.328206
0.401362
0.247957
0.921781
0.730419
0.824693
0.504506
0.409622
0.831238
0.975325
0.372127
0.330481
0.714915
0.392089
0.605165
0.765365
0.532847
0.957850
0.297629
0.352133
0.239457
0.300083
0.861565
0.819298
0.494616
0.076193
0.984225
0.525088
0.408735
0.035801
0.402892
0.945935
0.264119
0.300183
0.931379
0.355641
0.556731
0.860509
0.567117
0.970636
0.739887
0.636979
0.473351
0.471658
0.729039
0.240861
0.501586
0.056536
0.662664
0.707477
0.229926
0.075860
0.647403
0.366533
0.171519
0.288272
0.545908
0.737620
0.851224
0.379213
0.372576
0.826426
0.030821
0.888436
0.178098
0.210975
0.853458
0.792248
0.239686
0.640599
0.343624
0.341210
0.067973
0.115600
0.799485
0.196639
0.503320
0.418889
0.694945
0.423759
0.638797
0.768505
0.738077
0.232505
0.626857
0.768588
0.169313
0.279027
0.630167
0.372249
0.680441
0.644723
0.796923
0.235233
0.263669
0.167605
0.563958
0.778616
0.200451
0.299921
0.565073
0.494422
0.269543
0.570478
0.373851
0.897639
0.632161
0.469541
0.068117
0.462514
0.420644
0.204669
0.041054
0.739712
0.270784
0.974566
0.519874
0.446755
0.184858
0.635777
0.843476
0.324494
0.409706
0.456011
0.485809
0.557354
0.570908
0.589805
0.705072
0.797257
0.893023
0.206450
0.644093
0.644282
0.868357
0.528329
0.486862
0.256535
0.358543
0.284744
0.120883
0.122436
0.399144
0.838072
0.477574
0.318033
0.999080
0.076660
0.328239
0.316841
0.842265
0.246956
0.487672
0.229310
0.673119
0.683559
0.039425
0.850357
0.109827
0.392160
0.685953
0.876306
0.420110
0.200694
0.558555
0.314029
0.040816
0.517921
0.418081
0.024329
0.794848
0.735113
0.833553
0.977049
0.230757
0.957019
0.486035
0.725998
0.264063
0.721622
0.519270
0.800987
0.646628
0.247387
0.724885
0.075744
0.932541
0.810082
0.731941
0.525254
0.624607
0.506998
0.247802
0.824442
0.156428
0.202335
0.910400
0.729818
0.809126
0.458752
0.286119
0.872019
0.726942
0.133718
0.884544
0.674296
0.223734
0.853102
0.944007
0.112837
0.881864
0.892942
0.217221
0.114271
0.624674
0.843620
0.156377
0.232873
0.836758
0.357192
0.051654
0.899949
0.239503
0.550173
0.783135
0.072660
0.314110
0.983468
0.408646
0.777698
0.024697
0.928073
0.117389
0.298470
0.066824
0.796287
0.507090
0.165603
0.770047
0.984781
0.970276
0.183486
0.884233
0.602912
0.892424
0.188669
0.485387
0.187795
0.599752
0.903832
0.741030
0.405545
0.113601
0.697178
0.014340
0.476559
0.565266
0.692771
0.693360
0.265850
0.647631
0.541201
0.787654
0.538383
0.809514
0.082060
0.655192
0.758394
0.468677
0.108002
0.161595
0.808655
0.050808
0.492371
0.144045
0.710360
0.778254
0.071036
0.727673
0.885467
0.544667
0.668608
0.563347
0.627474
0.664576
0.342347
0.932996
0.217848
0.593029
0.407722
0.204628
0.355856
0.515456
0.883910
0.289022
0.412441
0.503838
0.619682
0.777543
0.445362
0.642316
0.678595
0.421344
0.731863
0.283611
0.394698
0.722866
0.184848
0.002816
0.640577
0.686488
0.503894
0.951056
0.064007
0.627623
0.048294
0.888511
0.034318
0.104860
0.897779
0.020191
0.327867
0.326806
0.446076
0.021522
0.044350
0.976252
0.918226
0.807323
0.937847
0.865718
0.935991
0.976423
0.524301
0.581681
0.714337
0.764688
0.682279
0.085965
0.721264
0.693939
0.305042
0.606241
0.938270
0.149157
0.680291
0.370034
0.108519
0.144620
0.898046
0.239888
0.105451
0.617870
0.690384
0.458059
0.404672
0.007944
0.335808
0.487245
0.104373
0.973423
0.511194
0.703445
0.117431
0.689340
0.005289
0.441814
0.793274
0.249066
0.169501
0.305426
0.322586
0.671792
0.846913
0.948540
0.365672
0.341362
0.190553
0.347191
0.981775
0.763922
0.563601
0.294306
0.543138
0.169472
0.201910
0.637492
0.076899
0.205510
0.290868
0.120187
0.278608
0.732191
0.935221
0.529508
0.069592
0.119463
0.143711
0.867913
0.870987
0.578606
0.988394
0.834893
0.794868
0.299502
0.028734
0.471481
0.408177
0.425328
0.283268
0.534665
0.625213
0.040764
0.438029
0.645843
0.703002
0.555731
0.970966
0.910181
0.494816
0.221204
0.516345
0.052917
0.207758
0.856190
0.376770
0.846610
0.279893
0.762037
0.548327
0.173926
0.035518
0.925181
0.104921
0.456560
0.176630
0.731922
0.842274
0.637393
0.618320
0.178091
0.738032
0.449741
0.822082
0.064593
0.250070
0.195472
0.695848
0.530335
0.386539
0.695574
0.854250
0.219599
0.342634
0.300590
0.130249
0.474821
0.442230
0.415013
0.092822
0.602799
0.263235
0.251768
0.137809
0.455961
0.581287
0.614064
0.402052
0.857266
0.724927
0.378124
0.646204
0.818795
0.632612
0.795695
0.870748
0.724322
0.587766
0.281052
0.252930
0.907311
0.406162
0.875610
0.077166
0.286564
0.222014
0.346337
0.017465
0.064586
0.302844
0.566120
0.154428
0.134227
0.827675
0.434697
0.254641
0.544052
0.459482
0.005961
0.488016
0.328331
0.831731
0.251624
0.523616
0.683505
0.027330
0.784969
0.039950
0.706379
0.562683
0.055420
0.517832
0.153507
0.115848
0.458330
0.790334
0.565195
0.407272
0.563530
0.691978
0.132671
0.833402
0.320591
0.131365
0.900438
0.729121
0.421295
0.468675
0.416476
0.492555
0.610974
0.136146
0.117773
0.508024
0.038287
0.318038
0.867782
0.051542
0.313879
0.872904
0.603077
0.502326
0.696633
0.716016
0.660600
0.564198
0.323183
0.314275
0.124917
0.757715
0.041034
0.855520
0.304724
0.161655
0.925467
0.661795
0.415590
0.254665
0.914536
0.525889
0.123848
0.028179
0.811012
0.551908
0.597424
0.220723
0.592262
0.342655
0.103403
0.865340
0.684272
0.668189
0.339700
0.381580
0.088336
0.597121
0.206313
0.154107
0.950780
0.129445
0.866368
0.309668
0.673151
0.002550
0.662276
0.939055
0.484129
0.805915
0.602168
0.021462
0.196546
0.050960
0.170689
0.774737
0.073096
0.283151
0.463992
0.721416
0.915579
0.824063
0.718206
0.481474
0.571501
0.561864
0.468047
0.491611
0.660465
0.292058
0.565384
0.413619
0.201543
0.320855
0.685982
0.651178
0.806094
0.814001
0.979233
0.404156
0.051443
0.831108
0.287489
0.902501
0.252284
0.319637
0.555007
0.847282
0.572078
0.438142
0.079727
0.670293
0.588770
0.105286
0.114704
0.984732
0.899421
0.795719
0.740348
0.037906
0.139342
0.840841
0.510521
0.201206
0.934249
0.570600
0.180489
0.939117
0.287765
0.061302
0.537032
0.209442
0.958853
0.581960
0.423125
0.324292
0.154304
0.196543
0.512145
0.450760
0.697209
0.001714
0.310060
0.116097
0.795720
0.021249
0.684570
0.540146
0.121389
0.923231
0.416822
0.527356
0.045277
0.220872
0.144197
0.752688
0.820976
0.067791
0.668239
0.849550
0.824557
0.156777
0.516347
0.428216
0.088460
0.503501
0.970014
0.956950
0.911552
0.798563
0.849576
0.863618
0.290073
0.610699
0.567401
0.245443
0.038905
0.393418
0.459610
0.826455
0.852348
0.856013
0.457129
0.004173
0.486380
0.199677
0.839831
0.222303
0.377689
0.058370
0.228209
0.576848
0.178240
0.066331
0.828579
0.600305
0.123498
0.065196
0.673406
0.687104
0.568547
0.595263
0.534591
0.879383
0.874227
0.839543
0.725471
0.668131
0.483735
0.362851
0.895255
0.153889
0.928806
0.538842
0.067581
0.455527
0.476655
0.719839
0.586383
0.612712
0.643808
0.383018
0.122210
0.621033
0.141640
0.969100
0.350713
0.319163
0.397670
0.276726
0.973140
0.324955
0.571724
0.003538
0.436744
0.767582
0.996906
0.613541
0.106589
0.741895
0.936750
0.843385
0.974246
0.881674
0.027493
0.509847
0.386159
0.060278
0.658134
0.433541
0.616419
0.695391
0.510692
0.552982
0.589130
0.941344
0.558270
0.329450
0.495247
0.528623
0.038821
0.411106
0.067381
0.325867
0.974300
0.676642
0.563220
0.461898
0.900518
0.433387
0.743359
0.616140
0.542380
0.321436
0.764270
0.590241
0.635172
0.182319
0.785251
0.033817
0.387485
0.415451
0.587056
0.307886
0.798655
0.471845
0.538836
0.953421
0.889399
0.748376
0.446324
0.720511
0.718103
0.882328
0.307006
0.800025
0.635101
0.872628
0.097425
0.312206
0.292929
0.787182
0.626582
0.772700
0.231495
0.607608
0.659519
0.966250
0.840593
0.213918
0.513895
0.373771
0.057139
0.432851
0.104481
0.616524
0.665775
0.094794
0.490792
0.397034
0.540305
0.867893
0.973252
0.059676
0.326340
0.599448
0.942547
0.414754
0.998051
0.310211
0.507646
0.741759
0.876354
0.155812
0.787819
0.899330
0.686188
0.807674
0.663125
0.869456
0.806206
0.523927
0.683556
0.640497
0.932710
0.023739
0.090186
0.037180
0.193727
0.023192
0.642532
0.398410
0.326282
0.035519
0.154162
0.624302
0.296641
0.376492
0.403333
0.365940
0.703317
0.768363
0.974146
0.001180
0.509027
0.146842
0.924025
0.102650
0.224619
0.090954
0.669198
0.220227
0.701715
0.220753
0.181952
0.214353
0.494672
0.930272
0.583563
0.076948
0.368995
0.407027
0.377958
0.195562
0.732724
0.846527
0.312368
0.878522
0.823407
0.200871
0.143684
0.819369
0.745915
0.106449
0.826457
0.740909
0.029061
0.599102
0.303021
0.973063
0.225570
0.142041
0.555296
0.148886
0.254523
0.703972
0.695720
0.842013
0.338359
0.914148
0.936256
0.304547
0.667348
0.671624
0.435094
0.044187
0.491527
0.646325
0.798198
0.677606
0.242120
0.918949
0.080785
0.706066
0.989132
0.044195
0.857695
0.276481
0.593506
0.814773
0.783764
0.683106
0.834756
0.387504
0.792813
0.819808
0.441925
0.311431
0.995072
0.356548
0.510673
0.601635
0.379767
0.591680
0.629542
0.589719
0.591073
0.667430
0.349406
0.143714
0.705195
0.380298
0.874553
0.425572
0.266383
0.096391
0.174402
0.238985
0.527528
0.163487
0.245476
0.997424
0.615531
0.179533
0.686583
0.595334
0.191210
0.415077
0.115470
0.807236
0.957147
0.094143
0.556557
0.362821
0.186974
0.490158
0.143290
0.581619
0.550189
0.137314
0.875773
0.209735
0.136155
0.319376
0.199349
0.991187
0.583485
0.086670
0.739569
0.975227
0.959640
0.363604
0.118841
0.223297
0.309397
0.052077
0.366879
0.934940
0.038935
0.110501
0.680323
0.772212
0.439233
0.472267
0.775620
0.116128
0.617286
0.960074
0.466468
0.507419
0.906345
0.593204
0.683017
0.509420
0.823509
0.232464
0.990607
0.181372
0.786882
0.623540
0.745712
0.858645
0.139375
0.503828
0.462247
0.756123
0.305135
0.221475
0.562151
0.784885
0.290077
0.902327
0.161686
0.950577
0.606162
0.963304
0.578247
0.230256
0.553500
0.794101
0.498781
0.559812
0.473478
0.991801
0.884599
0.908901
0.278216
0.444405
0.031602
0.640873
0.521195
0.753271
0.199053
0.694575
0.647995
0.195770
0.613217
0.937773
0.667389
0.132623
0.107105
0.782747
0.162661
0.202881
0.595196
0.981405
0.962198
0.056933
0.858657
0.202490
0.233706
0.361700
0.212418
0.028016
0.966980
0.892615
0.140316
0.362114
0.214003
0.892123
0.222157
0.584668
0.388170
0.262270
0.667830
0.435845
0.231164
0.492169
0.447958
0.832532
0.753146
0.997626
0.239041
0.383375
0.268472
0.929957
0.918431
0.436936
0.007164
0.571635
0.068172
0.348422
0.121613
0.143718
0.294765
0.214162
0.592011
0.661833
0.064664
0.988709
0.425681
0.255247
0.085493
0.164592
0.569678
0.922520
0.016514
0.007592
0.407510
0.027767
0.674437
0.766399
0.051177
0.466938
0.596726
0.942563
0.923491
0.198417
0.464344
0.812510
0.808243
0.963784
0.836202
0.814069
0.031574
0.539767
0.805293
0.005695
0.737414
0.173188
0.222656
0.868314
0.360978
0.665848
0.041759
0.693679
0.914019
0.637224
0.297246
0.582740
0.336551
0.623679
0.770898
0.318288
0.684838
0.967527
0.408105
0.457184
0.983876
0.929087
0.173403
0.361296
0.860312
0.409923
0.755233
0.798041
0.983101
0.261878
0.842551
0.710637
0.197261
0.484497
0.632919
0.737685
0.519909
0.684446
0.519237
0.126749
0.197480
0.182044
0.370499
0.037690
0.467911
0.051894
0.502344
0.489847
0.545586
0.983646
0.245179
0.854768
0.584996
0.335312
0.667467
0.179562
0.859703
0.464172
0.673042
0.744638
0.016231
0.270316
0.901329
0.919463
0.321529
0.012483
0.340601
0.577734
0.131731
0.076061
0.275655
0.566263
0.442309
0.634271
0.241630
0.874681
0.881415
0.755138
0.275358
0.145115
0.734302
0.236563
0.121729
0.182483
0.154436
0.946424
0.564377
0.182179
0.414942
0.203200
0.957878
0.213437
0.640003
0.256394
0.883751
0.736015
0.855136
0.540034
0.283390
0.435099
0.408430
0.731046
0.297544
0.278318
0.160936
0.103534
0.373299
0.156550
0.922212
0.261474
0.378364
0.802045
0.412790
0.469754
0.276282
0.695761
0.350793
0.634063
0.736358
0.721640
0.167973
0.746131
0.797933
0.669809
0.419753
0.353580
0.473806
0.973220
0.331866
0.158007
0.349362
0.068954
0.641325
0.776540
0.387562
0.150264
0.083657
0.413147
0.779978
0.031740
0.103131
0.645409
0.079200
0.359924
0.050941
0.032839
0.152746
0.569135
0.386570
0.009183
0.017668
0.904699
0.486544
0.059739
0.963682
0.381606
0.405248
0.944343
0.139456
0.175061
0.698084
0.092740
0.047707
0.878990
0.959213
0.933690
0.128229
0.010989
0.635498
0.442074
0.024998
0.824942
0.863115
0.708290
0.542072
0.637166
0.332135
0.792507
0.624160
0.136833
0.660257
0.761428
0.841000
0.631644
0.697134
0.006851
0.569737
0.006862
0.062326
0.828926
0.005663
0.442614
0.108332
0.281697
0.073607
0.867694
0.243044
0.024770
0.575327
0.575050
0.670509
0.533990
0.547065
0.490333
0.959576
0.748044
0.925487
0.061018
0.179641
0.694859
0.175295
0.137371
0.139914
0.310399
0.775928
0.042883
0.150426
0.944166
0.144304
0.139643
0.407939
0.915039
0.211514
0.447042
0.079859
0.885693
0.280903
0.750584
0.597866
0.407726
0.922232
0.002282
0.502097
0.861140
0.490370
0.182072
0.937649
0.943295
0.335462
0.975752
0.475243
0.470125
0.083992
0.154161
0.401870
0.250042
0.860800
0.349669
0.265243
0.409962
0.142411
0.840222
0.351917
0.930267
0.417521
0.354785
0.582861
0.226900
0.922822
0.871547
0.110110
0.846242
0.490022
0.245088
0.834933
0.861719
0.021002
0.872976
0.026092
0.436494
0.917493
0.994696
0.708466
0.138976
0.189730
0.753755
0.061325
0.649719
0.116328
0.908616
0.853514
0.801526
0.699823
0.165663
0.675076
0.554294
0.676400
0.179001
0.840819
0.435124
0.797879
0.781006
0.171039
0.863985
0.517618
0.284517
0.273091
0.299764
0.997998
0.834443
0.250499
0.896358
0.734041
0.565281
0.969593
0.855351
0.526487
0.876079
0.569986
0.351326
0.315825
0.478787
0.981526
0.801189
0.749842
0.107546
0.784492
0.035848
0.634736
0.289994
0.482303
0.641339
0.954826
0.811925
0.687321
0.032975
0.309872
0.517442
0.661089
0.135835
0.888819
0.317971
0.056198
0.482537
0.116632
0.578468
0.441745
0.018220
0.806331
0.545478
0.141742
0.080944
0.386504
0.866701
0.065354
0.890014
0.487922
0.802714
0.474751
0.670635
0.041074
0.728309
0.012459
0.617884
0.146520
0.096348
0.780520
0.839031
0.822854
0.652599
0.491657
0.072789
0.125763
0.819569
0.273220
0.599359
0.526350
0.628014
0.456438
0.089809
0.449822
0.506295
0.332251
0.726867
0.708216
0.038688
0.600385
0.417140
0.364884
0.023994
0.178894
0.435540
0.328154
0.909719
0.411243
0.385652
0.115457
0.334584
0.275745
0.312872
0.033804
0.290092
0.643503
0.950229
0.204301
0.684232
0.297489
0.369384
0.915321
0.937538
0.455800
0.677738
0.255102
0.647639
0.378192
0.574650
0.645435
0.594351
0.195750
0.352035
0.527862
0.080279
0.332374
0.065694
0.054344
0.441696
0.769179
0.984366
0.704308
0.715829
0.633676
0.321977
0.817544
0.451013
0.591097
0.009019
0.833178
0.927825
0.828461
0.126042
0.248662
0.170756
0.094239
0.446261
0.074328
0.407716
0.756519
0.973681
0.407725
0.507429
0.505068
0.725282
0.086517
0.942019
0.088957
0.487961
0.747400
0.421679
0.352519
0.607824
0.086133
0.627497
0.820828
0.426840
0.483603
0.289068
0.539803
0.129785
0.001725
0.738311
0.300107
0.747118
0.654945
0.742653
0.456783
0.445462
0.754607
0.321692
0.169244
0.748187
0.822835
0.564339
0.970254
0.287965
0.478256
0.273842
0.966367
0.712462
0.108062
0.562165
0.642804
0.422511
0.411942
0.823150
0.148616
0.929099
0.252432
0.641990
0.953360
0.512944
0.529726
0.216627
0.032386
0.655401
0.412394
0.952230
0.475992
0.743747
0.861293
0.454253
0.512820
0.384358
0.391966
0.805560
0.775224
0.904862
0.035004
0.477396
0.752918
0.576897
0.539362
0.178796
0.242472
0.946386
0.770188
0.071411
0.520227
0.170342
0.625446
0.379103
0.778384
0.337637
0.141046
0.371057
0.541348
0.842728
0.785439
0.929249
0.748347
0.392397
0.136005
0.842348
0.489999
0.558417
0.951435
0.696330
0.333497
0.278071
0.564098
0.121196
0.461780
0.316545
0.265996
0.620646
0.122494
0.086366
0.443131
0.848308
0.749035
0.367366
0.943085
0.748092
0.185701
0.437910
0.525504
0.756122
0.705675
0.759776
0.769393
0.351305
0.780894
0.387292
0.529832
0.911532
0.400506
0.098873
0.344216
0.945120
0.915326
0.698863
0.164823
0.276690
0.728298
0.025496
0.544532
0.458396
0.474409
0.871441
0.541431
0.813788
0.680246
0.919412
0.642897
0.184589
0.946946
0.472203
0.848574
0.130324
0.593540
0.520276
0.813492
0.426675
0.611726
0.146744
0.161111
0.247861
0.346536
0.301605
0.021699
0.598816
0.393310
0.156928
0.018208
0.159107
0.383666
0.934163
0.966929
0.824014
0.836749
0.054080
0.132459
0.667189
0.644297
0.680905
0.006263
0.760145
0.983511
0.385996
0.146041
0.322800
0.877665
0.024711
0.539971
0.137527
0.356484
0.139969
0.507229
0.748297
0.134436
0.843313
0.332336
0.912199
0.556185
0.098997
0.137953
0.897273
0.436484
0.868602
0.252482
0.875719
0.716809
0.372349
0.353855
0.146354
0.128868
0.419563
0.790173
0.538353
0.231638
0.228835
0.483312
0.547827
0.338602
0.224703
0.812496
0.411664
0.996413
0.260526
0.777523
0.468579
0.919113
0.254665
0.649063
0.851486
0.213409
0.871641
0.371944
0.091968
0.287460
0.183689
0.497173
0.744125
0.181450
0.932883
0.663567
0.356812
0.344948
0.043195
0.931019
0.000977
0.332634
0.120398
0.209370
0.358818
0.226942
0.425773
0.100511
0.328359
0.052594
0.772907
0.586230
0.953242
0.082926
0.267290
0.140592
0.645976
0.821070
0.494832
0.316343
0.204093
0.853893
0.827880
0.442464
0.781159
0.944960
0.713310
0.550520
0.191991
0.431820
0.119622
0.339179
0.543474
0.519429
0.277278
0.026357
0.290899
0.355954
0.222349
0.079074
0.632177
0.328744
0.127643
0.401522
0.520140
0.774918
0.299153
0.228587
0.738308
0.756026
0.481498
0.682420
0.963104
0.285188
0.802417
0.588687
0.815025
0.941317
0.887920
0.632825
0.220948
0.662408
0.269431
0.014507
0.574483
0.707976
0.858130
0.898593
0.226163
0.607911
0.048509
0.879064
0.159350
0.213953
0.633035
0.887365
0.656731
0.068639
0.495964
0.930409
0.341917
0.992599
0.568893
0.928006
0.208472
0.976433
0.569656
0.312603
0.281841
0.265361
0.599302
0.780737
0.365386
0.206325
0.780073
0.073591
0.242699
0.277341
0.317975
0.209785
0.722682
0.968681
0.685214
0.441560
0.849194
0.648877
0.715416
0.199684
0.846692
0.465068
0.725014
0.597169
0.015193
0.907515
0.946603
0.285332
0.928707
0.640141
0.942852
0.560210
0.710258
0.030418
0.447276
0.814154
0.653452
0.502505
0.439973
0.543644
0.398050
0.748623
0.243773
0.189397
0.342026
0.202088
0.127699
0.798399
0.458006
0.869911
0.600930
0.399198
0.421257
0.971827
0.052989
0.398334
0.202180
0.498039
0.352084
0.060058
0.633109
0.410199
0.255619
0.442471
0.491807
0.482545
0.678065
0.206986
0.048725
0.578826
0.009883
0.846942
0.890425
0.630928
0.147261
0.836789
0.048393
0.151221
0.571078
0.634195
0.099845
0.280739
0.753122
0.583421
0.110035
0.653178
0.232343
0.270769
0.801546
0.641202
0.804695
0.943707
0.937555
0.401161
0.935369
0.989339
0.301035
0.929247
0.691005
0.834432
0.668818
0.357195
0.942061
0.521139
0.519832
0.157919
0.024065
0.476207
0.583842
0.121414
0.279044
0.888259
0.378174
0.202671
0.872117
0.863911
0.913365
0.483413
0.792932
0.761397
0.433556
0.755240
0.474489
0.421111
0.494994
0.199879
0.479897
0.440505
0.867868
0.258734
0.693147
0.239368
0.888627
0.070713
0.966587
0.285590
0.986869
0.863963
0.119483
0.591318
0.747955
0.606661
0.998557
0.440816
0.837782
0.333422
0.580587
0.542304
0.315322
0.526525
0.970581
0.918278
0.602816
0.023376
0.023865
0.147141
0.579536
0.789473
0.866007
0.641109
0.687411
0.553655
0.814724
0.895196
0.261879
0.362361
0.475765
0.016313
0.336300
0.579975
0.362229
0.225564
0.732309
0.747533
0.752735
0.317690
0.593955
0.585032
0.302304
0.753000
0.367965
0.523076
0.836185
0.141292
0.442178
0.749322
0.325500
0.846458
0.753800
0.501902
0.602515
0.989593
0.966099
0.302162
0.385508
0.142598
0.638283
0.988500
0.104425
0.603146
0.673295
0.595524
0.366980
0.901554
0.784257
0.765868
0.522282
0.558612
0.468460
0.848926
0.929422
0.227108
0.760235
0.363741
0.567516
0.823392
0.283316
0.397836
0.503849
0.941760
0.680291
0.433731
0.283026
0.421864
0.659023
0.598369
0.060317
0.159200
0.243114
0.193446
0.418770
0.887296
0.253925
0.073868
0.957238
0.961189
0.388227
0.551244
0.790036
0.938055
0.753283
0.049822
0.861930
0.621391
0.666095
0.706471
0.325363
0.082721
0.378715
0.898406
0.851144
0.504474
0.102445
0.226859
0.106015
0.852190
0.685942
0.324160
0.927129
0.457186
0.150326
0.287309
0.657033
0.715989
0.089350
0.126251
0.481427
0.598056
0.869624
0.629815
0.464004
0.275369
0.885454
0.203060
0.261257
0.110408
0.070394
0.665269
0.201370
0.744723
0.593864
0.620654
0.717602
0.264656
0.575654
0.011262
0.810057
0.392645
0.096931
0.179213
0.041270
0.182240
0.482846
0.148395
0.379522
0.468075
0.773235
0.837261
0.578502
0.719543
0.461409
0.638638
0.125803
0.971374
0.208229
0.815170
0.544979
0.568996
0.396787
0.633710
0.627503
0.830020
0.696302
0.672512
0.659480
0.159003
0.755508
0.173288
0.362715
0.051947
0.024728
0.357338
0.553845
0.324403
0.226472
0.807251
0.249884
0.806949
0.010788
0.237995
0.267371
0.726911
0.639552
0.288984
0.947460
0.213228
0.415516
0.836275
0.062512
0.485331
0.334318
0.492711
0.563801
0.825711
0.568390
0.843571
0.881375
0.347265
0.715226
0.390936
0.233736
0.489447
0.426755
0.273516
0.362053
0.622791
0.141756
0.219085
0.730809
0.559557
0.614275
0.662624
0.796350
0.919027
0.410919
0.160776
0.410077
0.492662
0.492344
0.945646
0.212675
0.233624
0.594223
0.294401
0.306537
0.602815
0.783223
0.949557
0.802367
0.744324
0.034950
0.784462
0.994863
0.110803
0.051552
0.686070
0.426040
0.516679
0.088901
0.578988
0.530536
0.752816
0.260945
0.976979
0.156479
0.347613
0.420295
0.455277
0.421817
0.727491
0.491833
0.198908
0.492737
0.432313
0.068443
0.204907
0.835703
0.526926
0.018720
0.373812
0.683945
0.999538
0.611975
0.423334
0.765264
0.640539
0.420912
0.715236
0.035634
0.512613
0.341108
0.838782
0.243620
0.784226
0.900620
0.492107
0.667271
0.179297
0.039496
0.125284
0.177029
0.673169
0.610505
0.035064
0.034330
0.461215
0.842597
0.745932
0.615867
0.461617
0.112605
0.727015
0.503724
0.620577
0.419375
0.854071
0.547630
0.204396
0.582699
0.594730
0.247500
0.637268
0.714757
0.019640
0.480002
0.843297
0.063150
0.293843
0.534997
0.584404
0.291921
0.186351
0.968515
0.617429
0.837330
0.944136
0.124498
0.712215
0.258090
0.473698
0.246331
0.977124
0.315879
0.427789
0.364704
0.805652
0.719588
0.406406
0.355548
0.830621
0.930725
0.782325
0.530564
0.076315
0.052197
0.737379
0.497706
0.817664
0.876445
0.742637
0.407618
0.904512
0.401792
0.680999
0.287626
0.510475
0.245521
0.240966
0.064319
0.108505
0.359879
0.931896
0.385321
0.227716
0.715313
0.552717
0.987256
0.116713
0.603742
0.519283
0.907823
0.439105
0.759151
0.677146
0.975133
0.074755
0.590481
0.592735
0.316462
0.751574
0.866261
0.880235
0.979434
0.469517
0.886992
0.385232
0.504735
0.160763
0.335672
0.294113
0.579598
0.331776
0.950581
0.142606
0.685289
0.311324
0.295950
0.542341
0.584395
0.355227
0.648379
0.217092
0.637655
0.675472
0.273556
0.005338
0.261343
0.551807
0.543486
0.263947
0.220874
0.030990
0.420089
0.830328
0.405891
0.704743
0.022879
0.491342
0.485538
0.676676
0.298822
0.058857
0.401521
0.717136
0.307677
0.740579
0.438698
0.698360
0.883354
0.445586
0.154837
0.786880
0.510779
0.020419
0.068359
0.826116
0.466267
0.290434
0.192536
0.833986
0.190147
0.461692
0.074434
0.381112
0.802112
0.970639
0.440333
0.776745
0.339873
0.538206
0.658600
0.664794
0.682880
0.338634
0.408588
0.600201
0.700692
0.786757
0.470497
0.406168
0.889504
0.371268
0.661508
0.429727
0.782004
0.495845
0.708598
0.138415
0.365550
0.202019
0.288872
0.238661
0.551005
0.597100
0.696739
0.633955
0.567617
0.735190
0.353610
0.941934
0.562643
0.772608
0.280019
0.112231
0.305622
0.595960
0.710036
0.335688
0.314946
0.058962
0.059778
0.045242
0.669325
0.019425
0.055797
0.151243
0.930233
0.260684
0.701573
0.489252
0.544555
0.695541
0.211317
0.322279
0.458384
0.542864
0.965416
0.176405
0.019956
0.260790
0.756348
0.765814
0.144973
0.096597
0.340905
0.637594
0.166883
0.710002
0.532251
0.039888
0.803642
0.048618
0.688013
0.179855
0.877103
0.316148
0.290025
0.203039
0.787088
0.674426
0.842530
0.660034
0.844228
0.690823
0.857894
0.875722
0.296857
0.243189
0.190641
0.185789
0.838115
0.818933
0.098407
0.931202
0.461921
0.806688
0.844490
0.371025
0.480756
0.871695
0.076693
0.868496
0.972943
0.525863
0.759115
0.086016
0.291352
0.242627
0.391217
0.713098
0.922364
0.858336
0.835591
0.555588
0.201088
0.698371
0.264425
0.498201
0.234414
0.351266
0.796063
0.360307
0.003747
0.944386
0.918566
0.054800
0.628236
0.568264
0.774801
0.320547
0.532131
0.018047
0.623142
0.419275
0.581879
0.019093
0.297256
0.357881
0.397181
0.591842
0.103657
0.827743
0.804469
0.163187
0.271930
0.045369
0.788286
0.173138
0.801899
0.142436
0.141180
0.177076
0.166949
0.617675
0.898443
0.610531
0.023371
0.053691
0.915637
0.816902
0.077726
0.606848
0.559438
0.493333
0.223446
0.734465
0.662896
0.736060
0.312229
0.535942
0.562078
0.184247
0.442761
0.693145
0.892964
0.590561
0.757177
0.790240
0.912186
0.701277
0.428053
0.687484
0.460513
0.908800
0.070847
0.132476
0.819631
0.918762
0.446201
0.937463
0.742323
0.162633
0.249901
0.717509
0.676548
0.028762
0.576687
0.656421
0.147110
0.537267
0.338447
0.198173
0.406844
0.099903
0.180347
0.891953
0.383080
0.701083
0.803125
0.719228
0.271803
0.180105
0.261751
0.620953
0.286954
0.753373
0.421813
0.007517
0.847464
0.867816
0.509818
0.246714
0.741212
0.701847
0.706328
0.573128
0.956125
0.971673
0.608800
0.918970
0.065924
0.378945
0.372940
0.097496
0.910998
0.692103
0.858009
0.586406
0.378470
0.702827
0.813149
0.520627
0.396027
0.051632
0.442821
0.396437
0.933829
0.166357
0.531204
0.818274
0.501869
0.504147
0.936446
0.757603
0.846701
0.470239
0.404629
0.817606
0.941395
0.548388
0.949794
0.750369
0.944196
0.617736
0.246004
0.246545
0.919293
0.324920
0.241403
0.940768
0.831886
0.061630
0.891905
0.089269
0.716914
0.937452
0.403768
0.188021
0.358975
0.559207
0.499630
0.675511
0.223585
0.440451
0.843959
0.174874
0.403881
0.699222
0.996140
0.724367
0.384113
0.609946
0.308935
0.641667
0.709112
0.187953
0.234700
0.213156
0.017257
0.981152
0.698354
0.657112
0.588959
0.853835
0.593197
0.445486
0.184123
0.509215
0.881206
0.386100
0.999564
0.649268
0.050984
0.726996
0.818977
0.127717
0.398075
0.823613
0.011041
0.645144
0.567022
0.744691
0.156885
0.698068
0.446487
0.043003
0.077869
0.890629
0.527139
0.933083
0.871070
0.078843
0.726362
0.513312
0.041747
0.519649
0.906990
0.085839
0.836588
0.576545
0.796886
0.697151
0.749271
0.314124
0.187112
0.404353
0.383287
0.469417
0.661377
0.495792
0.257586
0.960314
0.376851
0.510168
0.000848
0.356338
0.402969
0.496654
0.317286
0.098464
0.124612
0.336741
0.141598
0.138107
0.314938
0.331156
0.015534
0.960367
0.102177
0.890903
0.563094
0.008464
0.380955
0.101738
0.952409
0.257107
0.653490
0.098493
0.033386
0.573275
0.130915
0.052861
0.540706
0.219280
0.185303
0.550994
0.853749
0.766491
0.550114
0.354234
0.176925
0.317595
0.517865
0.374642
0.435866
0.041012
0.278597
0.685029
0.727405
0.326516
0.434097
0.600227
0.333831
0.922318
0.954009
0.748541
0.901066
0.338925
0.478395
0.158015
0.581627
0.848560
0.060621
0.419631
0.793565
0.036923
0.981046
0.373366
0.710259
0.389200
0.284865
0.056041
0.555029
0.027162
0.693516
0.427526
0.859676
0.155499
0.361752
0.262774
0.754072
0.239836
0.495820
0.481421
0.971838
0.995746
0.830534
0.574765
0.101296
0.006685
0.043545
0.756563
0.276741
0.556183
0.733705
0.798830
0.833862
0.562783
0.925265
0.031173
0.217916
0.639423
0.562849
0.845918
0.429186
0.928738
0.629323
0.253247
0.746530
0.948029
0.960519
0.981105
0.008142
0.638233
0.993116
0.938390
0.453026
0.549556
0.818106
0.236933
0.482165
0.578494
0.326813
0.275313
0.351139
0.403352
0.525009
0.393061
0.863783
0.399694
0.858139
0.443549
0.782815
0.312333
0.091524
0.648967
0.345242
0.476040
0.743755
0.109473
0.784675
0.125710
0.674175
0.849581
0.365300
0.391434
0.903173
0.463091
0.764773
0.482946
0.975200
0.265058
0.137736
0.193936
0.603411
0.467502
0.899522
0.079765
0.258605
0.667301
0.392601
0.959640
0.954183
0.081061
0.850079
0.765165
0.158331
0.356547
0.723622
0.656457
0.517654
0.622591
0.793239
0.652671
0.940030
0.578300
0.415155
0.593652
0.157665
0.815077
0.722664
0.928280
0.729999
0.746120
0.664088
0.714086
0.215437
0.467394
0.743762
0.125136
0.584423
0.633276
0.842635
0.735426
0.696245
0.670870
0.742977
0.873388
0.137910
0.142957
0.607038
0.298019
0.401495
0.603166
0.473699
0.361423
0.729113
0.947750
0.572660
0.234480
0.272521
0.686374
0.282959
0.038587
0.168855
0.524214
0.007468
0.461548
0.705058
0.736356
0.276096
0.639981
0.497185
0.297515
0.630275
0.602917
0.335753
0.603708
0.401348
0.378825
0.263171
0.213245
0.353805
0.071321
0.266262
0.295738
0.084657
0.198808
0.211100
0.883248
0.286366
0.131412
0.853188
0.903410
0.874163
0.664106
0.629427
0.848332
0.449931
0.238529
0.175180
0.469726
0.686106
0.245509
0.256296
0.046415
0.759098
0.395479
0.703000
0.120233
0.955801
0.748002
0.888016
0.500707
0.372404
0.079861
0.961884
0.908677
0.464779
0.606298
0.373563
0.632683
0.989730
0.285535
0.105100
0.666585
0.657507
0.304043
0.707935
0.695599
0.015963
0.706022
0.302573
0.950351
0.035695
0.804755
0.809796
0.411606
0.686743
0.620369
0.889951
0.114284
0.189315
0.789868
0.336838
0.888558
0.470834
0.496561
0.299705
0.459388
0.646153
0.025712
0.516275
0.484866
0.839361
0.257493
0.142740
0.732024
0.532282
0.124634
0.361422
0.402237
0.154287
0.723695
0.974504
0.155156
0.304081
0.168816
0.453866
0.245923
0.854930
0.403027
0.959715
0.341348
0.323753
0.715278
0.306184
0.124647
0.962633
0.446003
0.410838
0.684207
0.680303
0.755886
0.128270
0.415966
0.647884
0.645706
0.823085
0.357804
0.820541
0.446282
0.527881
0.268242
0.604753
0.494890
0.896789
0.035591
0.049769
0.220955
0.961867
0.263589
0.473423
0.725969
0.220785
0.142240
0.942111
0.347216
0.751147
0.776728
0.264709
0.962368
0.522557
0.309682
0.278579
0.492402
0.401634
0.214152
0.928426
0.341900
0.463129
0.879328
0.885644
0.897357
0.585770
0.168855
0.442797
0.805251
0.355221
0.162534
0.724050
0.533041
0.078358
0.501770
0.709288
0.066283
0.983731
0.241676
0.263414
0.649424
0.073414
0.600305
0.156532
0.151422
0.484253
0.070436
0.739912
0.351496
0.839880
0.558630
0.439860
0.112695
0.949753
0.768997
0.986007
0.351161
0.852202
0.360895
0.055260
0.547691
0.072291
0.533644
0.515801
0.067323
0.140093
0.643114
0.581181
0.983457
0.700738
0.902868
0.599021
0.277785
0.866773
0.838834
0.683343
0.493657
0.876027
0.026383
0.416081
0.716107
0.609063
0.598084
0.617933
0.459860
0.585120
0.110763
0.070861
0.162675
0.377028
0.515968
0.041390
0.945080
0.519229
0.185956
0.127166
0.456414
0.598365
0.593437
0.649711
0.894109
0.641836
0.520985
0.052053
0.612858
0.951898
0.822458
0.218299
0.370478
0.862590
0.313609
0.254279
0.907846
0.125174
0.150350
0.630705
0.617698
0.135588
0.347438
0.474208
0.970644
0.644713
0.102073
0.334719
0.983907
0.635639
0.302735
0.517057
0.030863
0.629170
0.483425
0.429547
0.889333
0.845406
0.104772
0.335905
0.335676
0.693721
0.932039
0.635427
0.645645
0.629518
0.597993
0.474164
0.456364
0.975832
0.367664
0.796718
0.009775
0.686440
0.939908
0.267843
0.101860
0.318323
0.708978
0.754785
0.549361
0.735335
0.143658
0.121893
0.972301
0.630997
0.504092
0.684761
0.138957
0.141012
0.820112
0.908873
0.357667
0.160646
0.325762
0.045829
0.678244
0.602231
0.015137
0.875852
0.405364
0.248017
0.152481
0.108799
0.956123
0.670116
0.415432
0.635670
0.127274
0.946124
0.369041
0.647071
0.786702
0.362157
0.658601
0.434764
0.063894
0.086361
0.815145
0.468784
0.817132
0.517381
0.318833
0.016759
0.390762
0.928984
0.080970
0.916364
0.268745
0.136384
0.941880
0.398924
0.828961
0.005047
0.150827
0.392885
0.109387
0.930882
0.124597
0.145999
0.235216
0.666965
0.292240
0.979109
0.785030
0.550948
0.239125
0.883088
0.456637
0.402280
0.468520
0.427079
0.705472
0.084267
0.495773
0.202961
0.017434
0.614705
0.290933
0.160557
0.510754
0.255186
0.559143
0.602081
0.764641
0.745443
0.462491
0.461991
0.145234
0.143703
0.923544
0.818133
0.084867
0.120690
0.338248
0.008994
0.204820
0.759401
0.536718
0.969120
0.357634
0.580845
0.081900
0.729860
0.810629
0.413842
0.229095
0.227132
0.402700
0.606086
0.417365
0.492217
0.623743
0.545718
0.933535
0.291660
0.086760
0.737543
0.167205
0.967794
0.410112
0.184058
0.448151
0.131109
0.477742
0.543465
0.404549
0.305108
0.577648
0.450218
0.499910
0.835070
0.885623
0.553553
0.989046
0.051759
0.010143
0.683392
0.473690
0.012297
0.691871
0.763961
0.823950
0.508522
0.066428
0.186774
0.441955
0.814400
0.147615
0.243625
0.150840
0.138083
0.487777
0.153078
0.646877
0.458512
0.648884
0.058556
0.285193
0.415052
0.938446
0.262296
0.015443
0.842597
0.133570
0.064843
0.534412
0.257004
0.836575
0.840791
0.439025
0.349892
0.075668
0.786578
0.741302
0.623708
0.213027
0.872821
0.342351
0.375121
0.648292
0.085332
0.508871
0.799906
0.255197
0.260581
0.946625
0.871660
0.597683
0.446462
0.216405
0.420842
0.230934
0.896150
0.861827
0.481215
0.568718
0.534121
0.111647
0.114533
0.960356
0.587806
0.480036
0.319334
0.994943
0.494101
0.589389
0.594264
0.219150
0.112803
0.122633
0.259037
0.277442
0.121792
0.521922
0.668262
0.899668
0.599036
0.247222
0.768656
0.212210
0.394109
0.509080
0.698159
0.345400
0.947551
0.156348
0.961216
0.230293
0.151781
0.442962
0.867129
0.950215
0.457899
0.321246
0.651634
0.757222
0.534666
0.113797
0.196560
0.081723
0.249136
0.080905
0.539151
0.672805
0.683390
0.512514
0.194015
0.603813
0.552251
0.423822
0.739851
0.713669
0.479169
0.392700
0.387556
0.893321
0.167501
0.142881
0.034575
0.627297
0.805658
0.184175
0.860447
0.365836
0.724694
0.148328
0.585056
0.434481
0.193241
0.279432
0.536925
0.318590
0.157577
0.109254
0.674773
0.831356
0.947538
0.480792
0.737818
0.397902
0.491734
0.525573
0.933601
0.106101
0.232264
0.982471
0.990044
0.191345
0.369222
0.579285
0.024902
0.598355
0.816567
0.054683
0.296191
0.522405
0.713384
0.342402
0.447822
0.484201
0.367573
0.382774
0.307235
0.980678
0.202969
0.738167
0.636364
0.845322
0.884716
0.838559
0.337631
0.160224
0.134429
0.480118
0.192422
0.673172
0.469647
0.075674
0.636433
0.646375
0.362340
0.245810
0.215734
0.924549
0.028237
0.889971
0.138285
0.015160
0.588484
0.352503
0.693767
0.380329
0.074353
0.764092
0.749005
0.533461
0.435985
0.540711
0.667273
0.653735
0.150124
0.708005
0.094344
0.449640
0.773409
0.653507
0.773680
0.591974
0.211037
0.790472
0.348383
0.344465
0.625864
0.011569
0.569760
0.075265
0.385564
0.457416
0.910386
0.262470
0.644662
0.075346
0.645608
0.149828
0.741164
0.500063
0.958252
0.609512
0.947672
0.601270
0.646111
0.590596
0.965410
0.020933
0.360421
0.767518
0.166630
0.859718
0.673801
0.620480
0.965655
0.736284
0.192296
0.067551
0.550775
0.829967
0.698994
0.115839
0.365271
0.378216
0.919775
0.140499
0.643706
0.240510
0.998137
0.607099
0.096312
0.168695
0.637298
0.605363
0.621159
0.439875
0.627863
0.709158
0.738920
0.914844
0.532256
0.382310
0.483110
0.896549
0.594225
0.726965
0.802708
0.711581
0.513469
0.303767
0.946216
0.880356
0.073891
0.295252
0.462420
0.404229
0.578941
0.483388
0.344489
0.561569
0.468853
0.245898
0.575793
0.137920
0.526321
0.715101
0.716314
0.623419
0.568632
0.846098
0.033961
0.852425
0.307593
0.280370
0.867045
0.355541
0.514646
0.893453
0.917984
0.687411
0.977824
0.389971
0.541215
0.537030
0.391611
0.011650
0.744851
0.554168
0.844772
0.230990
0.311312
0.348452
0.114253
0.522908
0.740594
0.025278
0.118403
0.375703
0.197404
0.181235
0.649692
0.815895
0.633259
0.822928
0.298163
0.386168
0.317940
0.980332
0.424236
0.928988
0.090006
0.300835
0.446187
0.810495
0.952945
0.974469
0.336329
0.028011
0.925998
0.492772
0.067085
0.872327
0.643612
0.182783
0.279003
0.284439
0.384887
0.419257
0.555022
0.616750
0.450959
0.813811
0.529753
0.207343
0.020939
0.957142
0.566462
0.420307
0.287119
0.576866
0.448145
0.090729
0.570196
0.682064
0.959703
0.268789
0.573345
0.940888
0.001212
0.616799
0.249269
0.504591
0.232713
0.772822
0.534237
0.434773
0.689666
0.352932
0.414064
0.009382
0.065269
0.741292
0.708719
0.321363
0.416086
0.414260
0.693382
0.125889
0.026943
0.709239
0.976541
0.554906
0.347916
0.001054
0.326409
0.789869
0.403546
0.524556
0.807225
0.482241
0.328541
0.939435
0.356606
0.586096
0.176720
0.532259
0.037947
0.489426
0.235701
0.597151
0.867977
0.207492
0.573438
0.888224
0.992998
0.493623
0.653123
0.200719
0.700778
0.267097
0.039051
0.425387
0.219523
0.713509
0.506696
0.284788
0.963768
0.119179
0.612273
0.422722
0.867217
0.239545
0.445425
0.514467
0.046874
0.328087
0.040346
0.676967
0.520855
0.987227
0.699380
0.099503
0.221339
0.124766
0.653460
0.329450
0.714142
0.563929
0.289270
0.543275
0.267721
0.914093
0.329403
0.802101
0.990749
0.389565
0.619107
0.560923
0.429844
0.771258
0.197426
0.727456
0.209858
0.280881
0.680491
0.711478
0.652348
0.404912
0.036315
0.638292
0.764165
0.714857
0.777405
0.702845
0.334983
0.666558
0.198940
0.648893
0.650731
0.944489
0.494162
0.224846
0.957031
0.040629
0.159419
0.357757
0.483689
0.834309
0.267460
0.849907
0.182601
0.507175
0.510233
0.011157
0.992501
0.671397
0.787873
0.736814
0.299918
0.948376
0.583568
0.350932
0.878067
0.288812
0.511818
0.415691
0.588261
0.562132
0.371556
0.452104
0.904027
0.389023
0.889697
0.032124
0.263737
0.979831
0.596509
0.690559
0.713903
0.147357
0.016759
0.484596
0.641971
0.618514
0.358194
0.584339
0.109935
0.617524
0.824326
0.437426
0.142294
0.993750
0.000364
0.453396
0.817965
0.978024
0.507253
0.504047
0.651876
0.689544
0.011210
0.520189
0.055827
0.193997
0.959813
0.631747
0.458552
0.154730
0.835266
0.053990
0.323883
0.435584
0.340986
0.304728
0.870378
0.072414
0.482462
0.415008
0.053084
0.158799
0.116530
0.025938
0.787595
0.419239
0.171831
0.317257
0.712959
0.722002
0.425985
0.651991
0.455686
0.231398
0.805793
0.680515
0.170491
0.914805
0.662479
0.136065
0.086028
0.900199
0.830027
0.887217
0.387465
0.810917
0.311816
0.969253
0.220839
0.879419
0.312567
0.631717
0.431713
0.675965
0.657797
0.943735
0.710017
0.817954
0.701358
0.230254
0.254878
0.119728
0.268894
0.497716
0.406944
0.987994
0.271199
0.991540
0.384993
0.689430
0.826845
0.705239
0.236765
0.395415
0.990711
0.666146
0.705430
0.473938
0.000951
0.598024
0.728216
0.948864
0.860761
0.717033
0.631816
0.298507
0.756568
0.160192
0.068531
0.992148
0.085811
0.730177
0.343705
0.651446
0.353270
0.877346
0.331092
0.953382
0.139417
0.278760
0.867148
0.706335
0.640149
0.362106
0.330998
0.987080
0.164078
0.646327
0.417790
0.136206
0.711278
0.313839
0.380077
0.829436
0.376577
0.732049
0.056236
0.517442
0.822758
0.526920
0.180681
0.487212
0.164702
0.821119
0.038279
0.366596
0.792344
0.027316
0.603185
0.575542
0.406945
0.865946
0.410370
0.337783
0.919358
0.475039
0.737352
0.194902
0.544363
0.501408
0.233585
0.109713
0.499189
0.637800
0.745177
0.144335
0.889275
0.136324
0.968414
0.659015
0.156691
0.237180
0.867260
0.490606
0.524104
0.174288
0.911799
0.391301
0.299572
0.800932
0.337717
0.984520
0.060609
0.462689
0.344949
0.100499
0.517736
0.965298
0.643712
0.516301
0.984103
0.124372
0.364993
0.991037
0.607944
0.622441
0.084939
0.368491
0.328460
0.088850
0.673222
0.631402
0.657434
0.264449
0.776657
0.064728
0.567096
0.029218
0.129607
0.865481
0.916015
0.594863
0.710126
0.426292
0.235315
0.181002
0.458235
0.357911
0.457657
0.649131
0.303803
0.366271
0.123771
0.242087
0.650673
0.600621
0.754431
0.605634
0.303597
0.223357
0.790860
0.538642
0.638813
0.700245
0.500342
0.111865
0.291065
0.948213
0.645100
0.486354
0.671584
0.943433
0.283894
0.286571
0.597547
0.054527
0.681977
0.702280
0.325388
0.773047
0.187248
0.837638
0.982369
0.455838
0.057201
0.811153
0.771273
0.984576
0.662798
0.911743
0.338380
0.719332
0.669291
0.858449
0.898995
0.580562
0.281452
0.598974
0.631177
0.996748
0.346701
0.741638
0.073893
0.589172
0.112153
0.448080
0.803736
0.733456
0.495638
0.702521
0.175048
0.091530
0.560788
0.890424
0.862161
0.750843
0.512721
0.731718
0.350781
0.864712
0.771221
0.854571
0.240172
0.665182
0.153399
0.816100
0.169076
0.150507
0.969402
0.250594
0.526379
0.866637
0.976677
0.484373
0.675181
0.367751
0.865306
0.513853
0.490858
0.894081
0.884122
0.641659
0.558866
0.102861
0.133560
0.157529
0.157631
0.542584
0.796413
0.493839
0.031916
0.267025
0.094496
0.191693
0.549856
0.796354
0.213628
0.495445
0.422191
0.027963
0.580869
0.873618
0.852520
0.521121
0.352602
0.374739
0.483100
0.640013
0.314127
0.154195
0.231870
0.081039
0.608310
0.946113
0.527192
0.950444
0.482148
0.043719
0.120309
0.835086
0.157782
0.662151
0.566514
0.616981
0.374496
0.656952
0.444732
0.870764
0.287914
0.434410
0.049320
0.515034
0.081381
0.185636
0.920207
0.634984
0.099859
0.461959
0.696479
0.173892
0.935907
0.916191
0.969900
0.737142
0.041184
0.321335
0.487900
0.586866
0.748093
0.816990
0.001239
0.705450
0.483152
0.318082
0.620972
0.838888
0.466536
0.982160
0.111556
0.860452
0.172008
0.538416
0.777516
0.295949
0.752919
0.641274
0.148663
0.673603
0.396539
0.143006
0.955180
0.378663
0.675208
0.179076
0.435064
0.694650
0.694138
0.599830
0.568477
0.532838
0.914905
0.535899
0.631947
0.918547
0.519344
0.986938
0.910474
0.188354
0.741208
0.343511
0.476045
0.531603
0.403188
0.372951
0.010115
0.804718
0.804387
0.780413
0.283896
0.343272
0.691967
0.807018
0.948114
0.564113
0.395085
0.104777
0.523768
0.617891
0.283144
0.686073
0.026783
0.905470
0.311051
0.450599
0.411929
0.203013
0.092545
0.419806
0.420491
0.214224
0.154367
0.800812
0.236829
0.599747
0.669391
0.819719
0.156132
0.335197
0.067094
0.882802
0.840166
0.801085
0.087446
0.275849
0.945771
0.790567
0.583208
0.426946
0.730750
0.016244
0.401345
0.251801
0.578966
0.853386
0.832343
0.976227
0.486300
0.650609
0.378567
0.048042
0.622978
0.071348
0.708274
0.936527
0.233570
0.084177
0.995185
0.723762
0.813214
0.801150
0.702481
0.919401
0.901955
0.223533
0.710423
0.438583
0.426592
0.914454
0.904769
0.538399
0.616796
0.014303
0.033478
0.777204
0.297627
0.674150
0.123288
0.951546
0.587940
0.512062
0.974074
0.053691
0.756339
0.423761
0.130316
0.443295
0.435184
0.712352
0.371048
0.752100
0.708177
0.259170
0.084588
0.789493
0.714795
0.522998
0.345023
0.759042
0.444067
0.350630
0.268452
0.806292
0.312858
0.496814
0.970636
0.870292
0.447484
0.086986
0.218315
0.116356
0.675774
0.753368
0.169650
0.058497
0.768968
0.307864
0.225910
0.326987
0.084525
0.494980
0.248163
0.605724
0.896212
0.938650
0.897136
0.659204
0.940645
0.799843
0.483311
0.164328
0.393216
0.628980
0.634532
0.736533
0.069511
0.146751
0.657002
0.253729
0.537916
0.792337
0.112522
0.567761
0.633141
0.349229
0.944376
0.200690
0.609639
0.121527
0.372509
0.509216
0.713105
0.435976
0.891913
0.856054
0.827868
0.945736
0.455505
0.524550
0.133186
0.013422
0.942742
0.761871
0.723629
0.162997
0.528647
0.112568
0.222530
0.596603
0.286906
0.296727
0.033210
0.929191
0.446956
0.759421
0.202578
0.420923
0.629059
0.913949
0.048556
0.353394
0.604413
0.618495
0.641015
0.497551
0.489616
0.248674
0.650442
0.826978
0.255151
0.265995
0.129127
0.447703
0.389259
0.963284
0.104117
0.765522
0.828503
0.962941
0.293672
0.768457
0.403557
0.647228
0.208021
0.181865
0.579377
0.586369
0.646812
0.753218
0.274885
0.332939
0.505968
0.024636
0.920932
0.827708
0.100656
0.696609
0.655250
0.880997
0.175157
0.132315
0.677172
0.441337
0.273540
0.887134
0.057699
0.021017
0.085500
0.521277
0.208058
0.340024
0.130929
0.612236
0.941264
0.504743
0.132822
0.986566
0.697968
0.774317
0.497215
0.672450
0.970256
0.220811
0.234951
0.737089
0.632046
0.757691
0.973156
0.082084
0.882330
0.953723
0.335614
0.305412
0.723668
0.683475
0.929079
0.645566
0.340054
0.773143
0.103515
0.105084
0.695302
0.307482
0.792312
0.688271
0.925929
0.816177
0.419482
0.966150
0.410909
0.769134
0.294834
0.120222
0.337549
0.111321
0.019946
0.151739
0.850918
0.921066
0.883324
0.821093
0.691268
0.452142
0.101767
0.499583
0.050803
0.856107
0.757341
0.824312
0.995397
0.577926
0.176009
0.681181
0.415748
0.210582
0.008087
0.041387
0.032249
0.845690
0.890509
0.900572
0.745193
0.553972
0.830963
0.857914
0.123281
0.211402
0.975422
0.001702
0.855770
0.925950
0.558228
0.499060
0.951771
0.752445
0.701627
0.628818
0.901454
0.325640
0.767201
0.466579
0.714091
0.859900
0.918783
0.578222
0.492712
0.642324
0.480182
0.124170
0.683616
0.679428
0.352772
0.105875
0.579777
0.129407
0.903436
0.785230
0.956088
0.957462
0.420624
0.355881
0.159165
0.082099
0.065396
0.345222
0.064440
0.440181
0.740927
0.798685
0.362975
0.690157
0.119389
0.370756
0.624387
0.071348
0.202085
0.666766
0.269394
0.221562
0.419558
0.739787
0.089229
0.786336
0.064446
0.279989
0.133173
0.450550
0.502141
0.714032
0.028692
0.979101
0.241842
0.499942
0.667324
0.800820
0.136914
0.068953
0.841857
0.320592
0.094232
0.281870
0.944067
0.245603
0.014914
0.512622
0.148642
0.522092
0.307934
0.281301
0.895336
0.400390
0.068347
0.520477
0.664137
0.701756
0.895341
0.372332
0.805497
0.415732
0.336631
0.411093
0.829577
0.201834
0.139938
0.106859
0.894476
0.442278
0.100562
0.058310
0.515473
0.515454
0.727507
0.443627
0.015578
0.042763
0.709682
0.734110
0.763939
0.466525
0.416431
0.094456
0.764933
0.948667
0.292300
0.015708
0.178397
0.791500
0.897102
0.143099
0.871290
0.761118
0.376673
0.334420
0.562040
0.521590
0.184598
0.829990
0.348493
0.409521
0.242740
0.715954
0.908885
0.436094
0.949041
0.206980
0.103909
0.918666
0.315781
0.630598
0.467845
0.190196
0.282950
0.367366
0.305286
0.683230
0.184232
0.738757
0.494418
0.927160
0.862258
0.028787
0.165503
0.237085
0.806482
0.338733
0.639430
0.064084
0.339972
0.521298
0.475788
0.222718
0.042430
0.558683
0.553387
0.463456
0.293758
0.436388
0.455590
0.735803
0.073549
0.851226
0.846578
0.460619
0.878660
0.105147
0.864191
0.930745
0.287720
0.575877
0.479538
0.305941
0.663673
0.192731
0.557450
0.896032
0.373981
0.082259
0.322267
0.139843
0.651409
0.242291
0.457189
0.177045
0.728240
0.160690
0.997573
0.602206
0.227441
0.343039
0.663344
0.753467
0.985165
0.475363
0.425337
0.570990
0.452846
0.870475
0.686036
0.485689
0.929582
0.398423
0.849048
0.367310
0.860667
0.092919
0.508456
0.496804
0.168971
0.224970
0.489998
0.343019
0.956173
0.208258
0.948747
0.826056
0.418456
0.370893
0.944426
0.366584
0.694990
0.226616
0.469226
0.646033
0.444556
0.954134
0.906967
0.700044
0.711664
0.476894
0.654939
0.696929
0.061050
0.683329
0.253443
0.782802
0.344703
0.666535
0.911079
0.769298
0.062830
0.036731
0.091929
0.657798
0.040504
0.941999
0.408912
0.019741
0.912135
0.228521
0.632396
0.901230
0.542904
0.988624
0.777803
0.257620
0.667585
0.912225
0.386358
0.738565
0.565757
0.623832
0.560131
0.226130
0.699505
0.476785
0.084375
0.245086
0.610053
0.874680
0.155126
0.465474
0.637076
0.060449
0.890193
0.254288
0.174991
0.439149
0.518849
0.966026
0.949314
0.156135
0.517639
0.918627
0.565760
0.189734
0.385802
0.001944
0.052962
0.584599
0.663230
0.469924
0.969041
0.218025
0.128608
0.783723
0.693456
0.869387
0.166783
0.466141
0.065300
0.757561
0.124855
0.205969
0.935932
0.479085
0.458170
0.619020
0.476382
0.403703
0.270380
0.422452
0.907531
0.734434
0.655469
0.848155
0.090731
0.819832
0.748149
0.682281
0.126752
0.264868
0.252836
0.924454
0.416461
0.334886
0.762067
0.978719
0.652482
0.479376
0.826561
0.879958
0.084337
0.353527
0.775004
0.177177
0.758944
0.917090
0.124062
0.252337
0.537569
0.681384
0.021693
0.271706
0.772360
0.290762
0.713781
0.129538
0.426105
0.823726
0.980047
0.436080
0.400878
0.332598
0.826006
0.780572
0.115354
0.606801
0.706390
0.070020
0.414950
0.733971
0.498114
0.354020
0.822965
0.272830
0.986583
0.248658
0.531636
0.131037
0.512532
0.763068
0.852386
0.729851
0.264468
0.872593
0.101014
0.094235
0.564656
0.010121
0.287629
0.778435
0.831612
0.004456
0.748770
0.987924
0.165053
0.309256
0.429199
0.951184
0.729341
0.102403
0.105639
0.316791
0.097042
0.696807
0.266226
0.660324
0.817227
0.045407
0.645005
0.445066
0.053067
0.020464
0.915985
0.818747
0.368298
0.886460
0.550680
0.870699
0.774991
0.511026
0.584827
0.456769
0.138618
0.967880
0.309355
0.782168
0.218391
0.028111
0.650730
0.629388
0.747924
0.092402
0.377344
0.540446
0.040040
0.257761
0.127065
0.402437
0.670341
0.719183
0.163971
0.058761
0.344279
0.576555
0.688247
0.551870
0.767229
0.533486
0.330418
0.875836
0.081284
0.012136
0.014290
0.462891
0.850472
0.004606
0.917207
0.452570
0.286903
0.333743
0.738035
0.205644
0.100423
0.757080
0.318798
0.766690
0.516861
0.509660
0.001735
0.907560
0.340000
0.106733
0.930151
0.628313
0.618701
0.567443
0.764348
0.789931
0.308128
0.486762
0.312986
0.129115
0.359191
0.116789
0.492432
0.978344
0.054029
0.179514
0.636660
0.677095
0.615099
0.033143
0.091646
0.814310
0.281813
0.367799
0.888943
0.798978
0.260057
0.215702
0.712372
0.150193
0.478998
0.975984
0.602324
0.318808
0.764787
0.173892
0.199611
0.084948
0.747717
0.932933
0.030072
0.928710
0.162439
0.619668
0.232314
0.089974
0.417826
0.417055
0.587204
0.708159
0.359181
0.481457
0.291588
0.995887
0.142529
0.690308
0.657257
0.678115
0.286721
0.935971
0.888686
0.552700
0.002954
0.763620
0.448964
0.555373
0.300794
0.303787
0.924767
0.109205
0.630442
0.028280
0.792976
0.326995
0.737423
0.838541
0.048236
0.602471
0.431107
0.656064
0.252214
0.828826
0.913989
0.374972
0.740061
0.749399
0.402462
0.223791
0.186925
0.170911
0.645282
0.641681
0.391177
0.912885
0.888615
0.845326
0.353325
0.882446
0.316391
0.498507
0.330359
0.905382
0.802865
0.399013
0.471127
0.849678
0.473374
0.588445
0.168268
0.164830
0.565500
0.717332
0.185816
0.757460
0.118096
0.380588
0.436364
0.236730
0.547654
0.160757
0.586686
0.153364
0.406130
0.409736
0.571944
0.681673
0.583465
0.111617
0.550764
0.181053
0.974031
0.781372
0.638659
0.669615
0.562348
0.825898
0.682639
0.297244
0.103036
0.680234
0.145961
0.145417
0.343314
0.226785
0.108859
0.056419
0.237990
0.933227
0.054624
0.745767
0.315643
0.269209
0.107954
0.429430
0.232823
0.975276
0.041707
0.277546
0.270285
0.597727
0.297624
0.220328
0.588116
0.748455
0.154652
0.603669
0.336907
0.626517
0.266248
0.838397
0.461771
0.399302
0.290132
0.328059
0.710939
0.876478
0.150761
0.718817
0.344720
0.380623
0.593881
0.324736
0.858826
0.236193
0.652107
0.043720
0.959884
0.399845
0.792447
0.756867
0.678186
0.951016
0.986547
0.872246
0.408323
0.569417
0.304927
0.497308
0.373804
0.820994
0.148901
0.224562
0.098153
0.280925
0.597720
0.887853
0.441317
0.689097
0.637548
0.892601
0.230437
0.131149
0.640798
0.975897
0.130786
0.307236
0.905809
0.473534
0.956231
0.240038
0.403729
0.371972
0.716907
0.358336
0.718789
0.254825
0.190897
0.853865
0.672521
0.572584
0.631277
0.571022
0.618407
0.138174
0.934152
0.449546
0.951657
0.533842
0.815855
0.575250
0.629659
0.117030
0.635293
0.540518
0.750990
0.889929
0.776348
0.630579
0.779600
0.657291
0.499274
0.589488
0.020373
0.681394
0.563754
0.280613
0.926235
0.631299
0.269430
0.577882
0.517217
0.127872
0.509599
0.414021
0.197238
0.099304
0.000293
0.849863
0.422903
0.218295
0.536053
0.929778
0.065342
0.345505
0.538575
0.298655
0.780377
0.826668
0.510040
0.235850
0.101829
0.204119
0.047512
0.358428
0.795325
0.072521
0.257697
0.914494
0.687824
0.065489
0.509686
0.585887
0.434832
0.316203
0.244973
0.566702
0.904112
0.745429
0.178032
0.756365
0.645148
0.201400
0.712005
0.401712
0.997952
0.033316
0.954469
0.648584
0.814234
0.141797
0.279504
0.893270
0.588008
0.544912
0.576330
0.845837
0.188631
0.769682
0.760249
0.757949
0.536944
0.054617
0.314174
0.976581
0.566902
0.423139
0.231159
0.923780
0.710600
0.203667
0.871777
0.449460
0.314952
0.091141
0.902639
0.958232
0.529451
0.490953
0.764859
0.583324
0.609660
0.953798
0.211285
0.761404
0.226826
0.479637
0.969230
0.709983
0.432176
0.500012
0.799431
0.546745
0.373069
0.347542
0.310010
0.269403
0.988950
0.022810
0.959900
0.185907
0.656937
0.543694
0.168029
0.377817
0.321921
0.208844
0.500425
0.776142
0.418062
0.262944
0.066908
0.799255
0.446022
0.548688
0.306197
0.184264
0.652467
0.583080
0.119714
0.658764
0.983224
0.481551
0.875596
0.010436
0.602898
0.051584
0.620397
0.090158
0.088863
0.369433
0.401503
0.372322
0.582597
0.714158
0.786538
0.268529
0.904472
0.757945
0.521398
0.168613
0.315209
0.330346
0.137158
0.879828
0.949869
0.285057
0.532804
0.713823
0.270287
0.719932
0.043445
0.885552
0.750052
0.570982
0.294323
0.778203
0.630750
0.497192
0.201097
0.139525
0.537760
0.584045
0.290132
0.790605
0.860598
0.234077
0.865560
0.422004
0.457075
0.986773
0.904053
0.731934
0.271808
0.748495
0.999110
0.249819
0.168324
0.301539
0.345901
0.299751
0.213296
0.839541
0.898799
0.192697
0.983518
0.690157
0.164840
0.967752
0.866453
0.353986
0.676738
0.653495
0.688704
0.330796
0.005429
0.586193
0.537247
0.400605
0.570432
0.403457
0.638137
0.355944
0.840714
0.505409
0.843637
0.893492
0.460322
0.619143
0.816977
0.255478
0.806010
0.551993
0.924936
0.926422
0.982728
0.307169
0.588036
0.634768
0.794808
0.082987
0.666771
0.903890
0.102620
0.172985
0.561896
0.132160
0.485436
0.633308
0.404675
0.980332
0.680264
0.582862
0.125507
0.608696
0.100287
0.302576
0.651962
0.188810
0.592069
0.792150
0.257275
0.258205
0.003263
0.374751
0.686063
0.200926
0.702153
0.205824
0.127035
0.229317
0.801504
0.237351
0.834410
0.158000
0.881199
0.632373
0.862927
0.786898
0.117567
0.379859
0.242842
0.887395
0.586841
0.286670
0.585341
0.896355
0.425936
0.899131
0.361903
0.770503
0.522952
0.641870
0.679590
0.210911
0.839088
0.594991
0.499919
0.731094
0.793734
0.254680
0.871634
0.859497
0.071739
0.187790
0.827215
0.668633
0.134519
0.122925
0.500599
0.710415
0.884222
0.820659
0.837962
0.187153
0.135564
0.725589
0.807318
0.500425
0.459915
0.629724
0.712575
0.745490
0.534997
0.441661
0.913140
0.147231
0.670703
0.230892
0.697009
0.910431
0.382117
0.784479
0.212206
0.544372
0.517752
0.468127
0.834841
0.060740
0.361784
0.306247
0.189694
0.331329
0.819966
0.137072
0.755219
0.786166
0.945711
0.705584
0.073851
0.890916
0.913581
0.915293
0.999870
0.636630
0.354645
0.923451
0.684935
0.143999
0.804265
0.185557
0.283892
0.904762
0.215311
0.585692
0.116610
0.173261
0.725962
0.962598
0.270240
0.745321
0.337857
0.126529
0.806638
0.269777
0.740192
0.214279
0.275687
0.580200
0.831749
0.677292
0.929863
0.107289
0.351148
0.845069
0.319394
0.187868
0.790367
0.221070
0.365166
0.085094
0.045800
0.830795
0.542261
0.958612
0.716386
0.553827
0.757158
0.454792
0.265139
0.544060
0.276420
0.738552
0.924401
0.500008
0.459380
0.865222
0.869590
0.447018
0.747150
0.901399
0.662766
0.605129
0.255051
0.558985
0.020219
0.595948
0.950731
0.883377
0.534644
0.024778
0.297867
0.073603
0.860387
0.392972
0.477083
0.687887
0.862130
0.684984
0.995998
0.127974
0.581861
0.890804
0.609538
0.237457
0.871503
0.378101
0.155401
0.425957
0.490724
0.576569
0.471822
0.504672
0.701005
0.495415
0.316867
0.865976
0.350487
0.097393
0.592635
0.160528
0.988374
0.511784
0.716095
0.567770
0.428257
0.521768
0.577472
0.798458
0.301068
0.799314
0.659564
0.420409
0.317507
0.439192
0.386490
0.041814
0.019145
0.191246
0.209790
0.776041
0.908048
0.686796
0.656579
0.570838
0.326167
0.106541
0.529540
0.126046
0.586905
0.375385
0.962231
0.211962
0.034975
0.660610
0.781229
0.986769
0.757540
0.514374
0.950245
0.484738
0.800011
0.829102
0.867477
0.148532
0.731428
0.836189
0.156196
0.864637
0.033591
0.752719
0.590097
0.329530
0.683318
0.039346
0.638211
0.954852
0.153632
0.084836
0.325687
0.955363
0.719288
0.822831
0.879166
0.917756
0.900342
0.839417
0.709788
0.247933
0.150115
0.662165
0.784868
0.178907
0.750020
0.658515
0.161505
0.512174
0.098201
0.762930
0.557666
0.034711
0.337227
0.634071
0.585727
0.048159
0.203375
0.256199
0.062877
0.334604
0.637192
0.994809
0.974249
0.156143
0.115118
0.094861
0.042734
0.358376
0.431074
0.584823
0.276056
0.821483
0.914677
0.746460
0.495596
0.893914
0.220375
0.615774
0.623426
0.892323
0.369500
0.143484
0.757583
0.892906
0.320435
0.704780
0.535039
0.913346
0.561524
0.687255
0.454470
0.792591
0.134482
0.358875
0.928310
0.076000
0.532218
0.445339
0.022313
0.459847
0.089480
0.855962
0.565509
0.150208
0.451971
0.889159
0.240943
0.951068
0.680569
0.701153
0.789476
0.624883
0.409692
0.936179
0.673013
0.904263
0.978845
0.744278
0.584852
0.868642
0.240927
0.856493
0.513871
0.609140
0.040221
0.420646
0.447795
0.605604
0.640766
0.156624
0.247409
0.864056
0.596074
0.368761
0.318770
0.710995
0.426708
0.501283
0.648659
0.708792
0.638846
0.532537
0.386787
0.198092
0.545047
0.890345
0.218093
0.563243
0.880124
0.619370
0.132057
0.223697
0.253656
0.281798
0.823697
0.575654
0.992413
0.740248
0.145637
0.573651
0.761314
0.368097
0.626395
0.237819
0.213867
0.005172
0.972894
0.406623
0.255357
0.646652
0.567155
0.648605
0.056567
0.481899
0.619606
0.170240
0.211520
0.600143
0.741450
0.034513
0.864933
0.672429
0.511437
0.814594
0.491719
0.507713
0.944479
0.934379
0.188231
0.974073
0.918545
0.949945
0.121224
0.372283
0.087478
0.885069
0.322072
0.646407
0.564510
0.582275
0.042807
0.367307
0.274070
0.749297
0.347279
0.311171
0.889011
0.595289
0.741792
0.934051
0.579098
0.946018
0.257604
0.247339
0.936660
0.869039
0.819214
0.312296
0.689714
0.983063
0.212224
0.598958
0.489383
0.727407
0.880001
0.748997
0.944823
0.787982
0.726845
0.302367
0.859359
0.830067
0.662032
0.878622
0.252528
0.124605
0.653783
0.202053
0.083467
0.985487
0.143217
0.804524
0.803073
0.860602
0.532816
0.453677
0.160491
0.041396
0.509409
0.695493
0.343482
0.390251
0.874219
0.637377
0.513096
0.006268
0.347423
0.761927
0.764736
0.724764
0.440899
0.737471
0.538839
0.551190
0.787947
0.414245
0.267306
0.083583
0.905663
0.210855
0.142539
0.883148
0.762847
0.973640
0.096582
0.208031
0.838980
0.369025
0.869248
0.958144
0.026609
0.927554
0.724788
0.286307
0.493060
0.942675
0.531383
0.125068
0.214729
0.667227
0.120490
0.497689
0.217988
0.510838
0.601507
0.363404
0.736688
0.078359
0.495941
0.642547
0.462323
0.404698
0.661136
0.525773
0.641424
0.059906
0.471026
0.562096
0.943825
0.693807
0.993514
0.145672
0.416710
0.566628
0.261521
0.341161
0.489161
0.952425
0.558803
0.808270
0.724432
0.234521
0.360669
0.418124
0.724393
0.470315
0.903389
0.772242
0.676088
0.486860
0.037562
0.380740
0.028562
0.640564
0.618029
0.285829
0.150871
0.551395
0.402170
0.482550
0.985724
0.265829
0.456053
0.315034
0.087482
0.426294
0.011193
0.571252
0.815655
0.691650
0.210848
0.028300
0.374524
0.028835
0.351975
0.926643
0.788333
0.745402
0.492292
0.058728
0.383350
0.385250
0.121006
0.511979
0.887960
0.378144
0.637172
0.558415
0.620382
0.428029
0.504592
0.877584
0.860269
0.066193
0.976915
0.521468
0.592152
0.799179
0.757301
0.112629
0.157698
0.704595
0.253331
0.973095
0.946909
0.780088
0.486725
0.224431
0.761307
0.220262
0.510496
0.983997
0.338003
0.281829
0.354472
0.239980
0.298207
0.229655
0.806981
0.405291
0.053827
0.852702
0.716554
0.181005
0.685525
0.314142
0.170851
0.236396
0.829102
0.562461
0.886368
0.188618
0.324195
0.127084
0.680698
0.644415
0.420679
0.526751
0.067892
0.893291
0.217940
0.362743
0.486361
0.093131
0.769669
0.899434
0.077768
0.476781
0.690674
0.901882
0.916096
0.106798
0.552823
0.815499
0.814334
0.714263
0.074316
0.654318
0.313444
0.803073
0.300724
0.630126
0.796158
0.256442
0.274292
0.980918
0.808900
0.999802
0.897020
0.967328
0.957594
0.084346
0.210008
0.095355
0.245933
0.286076
0.134784
0.461659
0.677522
0.596088
0.369463
0.801232
0.762596
0.560059
0.237893
0.374460
0.697674
0.845329
0.927544
0.686545
0.549217
0.958909
0.459066
0.567111
0.103099
0.778353
0.572131
0.833095
0.626955
0.621197
0.233500
0.217582
0.894911
0.900912
0.865239
0.924098
0.476154
0.000696
0.598409
0.046955
0.663079
0.404688
0.295415
0.502923
0.046478
0.271379
0.855316
0.452797
0.959482
0.212459
0.998176
0.398995
0.151632
0.724694
0.012619
0.257612
0.422981
0.564343
0.541578
0.544318
0.160535
0.031766
0.880820
0.636644
0.237320
0.134931
0.051253
0.255925
0.304811
0.444397
0.468963
0.027759
0.490556
0.102783
0.927360
0.983038
0.031663
0.042725
0.282436
0.554366
0.556656
0.745890
0.021413
0.546362
0.198395
0.910447
0.737462
0.600940
0.028623
0.612865
0.344589
0.037306
0.002931
0.918854
0.156921
0.866233
0.539617
0.652771
0.091864
0.809158
0.795426
0.965432
0.286934
0.708716
0.049264
0.326404
0.173697
0.042495
0.812041
0.811604
0.627205
0.122667
0.824692
0.476136
0.376789
0.703559
0.255219
0.865194
0.164360
0.216026
0.523649
0.342955
0.967763
0.074643
0.489341
0.456895
0.239215
0.630339
0.511678
0.772798
0.089409
0.188733
0.995939
0.113235
0.719794
0.956408
0.699543
0.065700
0.655204
0.744231
0.499929
0.378202
0.041802
0.953659
0.463424
0.965886
0.314058
0.200917
0.383689
0.256865
0.409644
0.858251
0.262660
0.229891
0.570850
0.190479
0.826767
0.352079
0.237408
0.747522
0.878454
0.027135
0.690383
0.928202
0.126718
0.102125
0.590387
0.221151
0.806933
0.222997
0.839106
0.850790
0.450396
0.914606
0.363590
0.641486
0.517254
0.342091
0.692024
0.477684
0.538812
0.026556
0.960346
0.735347
0.749532
0.219051
0.912021
0.254735
0.874324
0.875605
0.769546
0.198969
0.317553
0.784205
0.091900
0.747780
0.848126
0.026155
0.230201
0.573797
0.351393
0.525054
0.038347
0.835469
0.959567
0.187737
0.339069
0.871964
0.360767
0.255382
0.758814
0.924239
0.392272
0.631330
0.630296
0.815190
0.079871
0.689243
0.345614
0.349292
0.824806
0.576149
0.470528
0.362880
0.634723
0.455703
0.386814
0.570500
0.002092
0.152320
0.415303
0.104238
0.503043
0.264791
0.434837
0.719989
0.072252
0.850292
0.739687
0.818804
0.763446
0.289928
0.015918
0.385804
0.647456
0.603955
0.831251
0.424388
0.987832
0.175841
0.703013
0.078419
0.360261
0.610952
0.615283
0.128951
0.111569
0.486458
0.266067
0.154536
0.362564
0.456290
0.552097
0.027454
0.855428
0.163928
0.648401
0.872459
0.969325
0.659768
0.364402
0.727021
0.557123
0.531191
0.923824
0.243165
0.421308
0.144231
0.639874
0.324947
0.271021
0.053536
0.051301
0.352138
0.263922
0.656814
0.529372
0.617419
0.479323
0.407416
0.774735
0.985693
0.129202
0.742238
0.903559
0.714597
0.293189
0.484386
0.871111
0.877327
0.225712
0.896568
0.737341
0.894646
0.201667
0.316328
0.166782
0.302664
0.197320
0.830211
0.820792
0.495252
0.482241
0.255964
0.265449
0.913387
0.847309
0.415309
0.052026
0.653445
0.515173
0.701811
0.660891
0.775621
0.217677
0.816404
0.742801
0.970302
0.309834
0.257734
0.910419
0.327240
0.090533
0.764031
0.846871
0.511695
0.280408
0.247675
0.924940
0.559071
0.415644
0.922241
0.101247
0.923452
0.116255
0.684326
0.986504
0.651847
0.417926
0.375993
0.817645
0.621210
0.313210
0.933069
0.205521
0.397024
0.477870
0.572809
0.291361
0.996471
0.441598
0.084068
0.378005
0.661574
0.199359
0.794057
0.213403
0.467816
0.573418
0.305511
0.277810
0.958280
0.649215
0.544514
0.410319
0.004312
0.433685
0.468395
0.544211
0.064972
0.211600
0.721505
0.616175
0.297511
0.422999
0.729844
0.790359
0.455528
0.210056
0.003336
0.258019
0.714442
0.440667
0.038095
0.276695
0.781658
0.964863
0.546113
0.673414
0.196053
0.548732
0.932557
0.143645
0.959599
0.041249
0.293268
0.549650
0.143715
0.599663
0.562581
0.626221
0.651602
0.637675
0.385014
0.816710
0.386207
0.916338
0.542938
0.301184
0.841616
0.530528
0.417914
0.211368
0.859897
0.441896
0.527155
0.559807
0.371171
0.415393
0.878576
0.663826
0.333595
0.337801
0.616366
0.593678
0.178403
0.428366
0.776105
0.240977
0.699087
0.788299
0.633374
0.972531
0.492489
0.764627
0.946517
0.479924
0.043584
0.407445
0.487679
0.702816
0.597886
0.362687
0.085384
0.622923
0.700470
0.805297
0.624762
0.646211
0.436250
0.920756
0.937603
0.304401
0.951567
0.728802
0.595542
0.537182
0.174976
0.881503
0.652690
0.310319
0.788468
0.018708
0.263440
0.880176
0.222531
0.738219
0.623586
0.917921
0.589291
0.551654
0.702293
0.257574
0.142618
0.266970
0.850487
0.087930
0.586483
0.034157
0.052660
0.150801
0.616964
0.623798
0.905384
0.310337
0.595866
0.864695
0.150325
0.421211
0.507582
0.092000
0.583426
0.261893
0.358924
0.454638
0.590842
0.503215
0.882156
0.677865
0.509772
0.128797
0.135794
0.194741
0.594237
0.503350
0.819182
0.606269
0.110184
0.033398
0.738464
0.609714
0.941138
0.197627
0.974579
0.462146
0.300400
0.854214
0.716319
0.420108
0.390578
0.097482
0.722102
0.233863
0.525222
0.872605
0.780670
0.849976
0.371253
0.462528
0.487413
0.859584
0.714351
0.639727
0.350125
0.212834
0.119335
0.011731
0.711131
0.481838
0.643166
0.940089
0.982969
0.781647
0.939561
0.869597
0.776577
0.308541
0.117750
0.321031
0.923016
0.295301
0.070769
0.613585
0.868095
0.507669
0.546419
0.059586
0.503618
0.322675
0.578264
0.352599
0.260734
0.801964
0.923202
0.736912
0.896459
0.387440
0.983755
0.133739
0.600596
0.718984
0.426126
0.480221
0.353817
0.838302
0.233456
0.818356
0.006770
0.295507
0.298034
0.667708
0.731280
0.938607
0.825388
0.056823
0.396035
0.537555
0.878359
0.506784
0.879094
0.242210
0.352343
0.345432
0.870666
0.294291
0.525841
0.701400
0.739151
0.464325
0.450538
0.576503
0.817244
0.273360
0.112450
0.706995
0.599607
0.130339
0.575433
0.904177
0.120953
0.210822
0.082471
0.461917
0.260197
0.609678
0.551182
0.521444
0.563817
0.613503
0.967278
0.260152
0.157890
0.072212
0.640620
0.696910
0.929710
0.562873
0.571006
0.858344
0.308573
0.930553
0.674121
0.047539
0.806988
0.908896
0.545825
0.289265
0.269291
0.758649
0.032308
0.195544
0.581972
0.135212
0.673960
0.559920
0.987341
0.349225
0.583106
0.451413
0.514701
0.692036
0.407500
0.910438
0.761828
0.967506
0.856657
0.322576
0.126758
0.347764
0.238384
0.974507
0.267392
0.479571
0.753006
0.070334
0.053480
0.846796
0.864887
0.430053
0.075997
0.806414
0.734229
0.087259
0.897897
0.323341
0.791090
0.054449
0.007324
0.368894
0.232128
0.631205
0.085476
0.523080
0.560862
0.810301
0.959306
0.569541
0.327565
0.026346
0.729310
0.842444
0.603902
0.822168
0.820490
0.977101
0.714764
0.250098
0.782714
0.627105
0.571419
0.097633
0.306547
0.180319
0.847547
0.761598
0.705999
0.607623
0.059673
0.916161
0.184379
0.346033
0.129281
0.962099
0.544665
0.198308
0.956310
0.521827
0.713696
0.000305
0.180258
0.304079
0.663676
0.283709
0.693939
0.385896
0.287407
0.335634
0.820815
0.310560
0.670598
0.902367
0.738864
0.445429
0.891651
0.346965
0.616621
0.116562
0.693588
0.792713
0.657325
0.205942
0.632564
0.684734
0.374170
0.239102
0.796439
0.555888
0.738612
0.085459
0.723396
0.201005
0.168598
0.480276
0.771311
0.351623
0.708078
0.604159
0.045459
0.504193
0.705103
0.488457
0.992590
0.877579
0.038785
0.193954
0.365962
0.208791
0.756172
0.383102
0.603075
0.739389
0.366955
0.995909
0.922957
0.344298
0.354457
0.459300
0.893151
0.846427
0.547530
0.633095
0.801235
0.754475
0.437870
0.295215
0.137890
0.436951
0.075177
0.182393
0.667994
0.512394
0.421130
0.054603
0.427923
0.782560
0.432474
0.215644
0.678221
0.697267
0.588631
0.671845
0.630630
0.986844
0.807297
0.872222
0.176483
0.349448
0.251954
0.462597
0.995265
0.093517
0.798181
0.860200
0.854554
0.448163
0.820208
0.254011
0.225000
0.705633
0.289859
0.626656
0.943904
0.957874
0.275773
0.944923
0.098512
0.858545
0.418219
0.349751
0.549519
0.631617
0.623795
0.831485
0.738011
0.220388
0.513800
0.864671
0.743272
0.257285
0.313605
0.247011
0.029021
0.080354
0.436986
0.069820
0.894718
0.263646
0.328707
0.309904
0.196304
0.192381
0.381480
0.732355
0.868423
0.848395
0.381076
0.756675
0.173132
0.701884
0.621477
0.473874
0.589538
0.902510
0.543582
0.220359
0.568378
0.588123
0.672130
0.689555
0.712046
0.372435
0.951016
0.001295
0.409713
0.681125
0.300336
0.440430
0.022860
0.891024
0.656385
0.820850
0.035591
0.204929
0.110506
0.432204
0.460707
0.163248
0.096785
0.368510
0.314609
0.890085
0.966355
0.904210
0.018710
0.777421
0.578564
0.437622
0.010989
0.990102
0.804824
0.286946
0.586009
0.801310
0.289123
0.055231
0.888436
0.988098
0.758304
0.936785
0.076976
0.776283
0.398440
0.589136
0.085002
0.199332
0.603333
0.230601
0.665502
0.984534
0.207027
0.814175
0.991951
0.582291
0.159204
0.094056
0.169371
0.072461
0.487736
0.208878
0.278504
0.479856
0.604850
0.778702
0.587559
0.647786
0.258577
0.427551
0.830261
0.147151
0.987092
0.455532
0.432041
0.442628
0.573348
0.419465
0.615429
0.676592
0.133019
0.715491
0.805783
0.095938
0.083582
0.572278
0.915858
0.472050
0.651048
0.226802
0.623581
0.208517
0.007550
0.513424
0.309783
0.621016
0.668229
0.910408
0.346145
0.055169
0.182734
0.978040
0.335190
0.982994
0.912658
0.366454
0.860272
0.874619
0.874837
0.986507
0.786508
0.645766
0.975301
0.052962
0.899058
0.945922
0.887672
0.329712
0.032104
0.280406
0.783846
0.848189
0.772080
0.262813
0.846845
0.053730
0.117556
0.402300
0.218771
0.571341
0.639505
0.010524
0.993056
0.832187
0.875915
0.422066
0.471970
0.733832
0.849916
0.338229
0.051701
0.014972
0.297176
0.506732
0.192747
0.928185
0.713506
0.177896
0.100687
0.970714
0.202155
0.436592
0.137687
0.453454
0.049150
0.934958
0.341913
0.192373
0.735655
0.411379
0.598837
0.694637
0.646898
0.449518
0.359752
0.549192
0.091602
0.200930
0.354253
0.200848
0.200945
0.310748
0.042158
0.937007
0.425418
0.524291
0.348696
0.528688
0.624962
0.472022
0.689789
0.341935
0.364578
0.342211
0.658447
0.490857
0.845056
0.304585
0.631484
0.180659
0.575816
0.179157
0.801322
0.639571
0.990812
0.004483
0.348915
0.008506
0.340584
0.442372
0.421429
0.425152
0.906987
0.551805
0.083796
0.690786
0.910955
0.844594
0.779122
