0.000006
0.655154
0.304814
0.674961
0.106768
0.516574
0.489666
0.602472
0.369955
0.256667
0.374182
0.825585
0.172720
0.297812
0.643531
0.789655
0.987811
0.800571
0.464257
0.538999
0.625493
0.249992
0.703888
0.716284
0.979518
0.329022
0.445458
0.708402
0.739895
0.172778
0.015705
0.782577
0.041206
0.597433
0.245697
0.556461
0.515219
0.397450
0.182617
0.645957
0.716544
0.304942
0.971479
0.834532
0.390092
0.704873
0.125516
0.607765
0.549076
0.699884
0.903987
0.396874
0.832313
0.618465
0.016153
0.374983
0.109569
0.560253
0.370184
0.149870
0.803701
0.072167
0.085726
0.196951
0.898353
0.549177
0.488901
0.376246
0.099938
0.453411
0.308472
0.377085
0.122672
0.945386
0.791933
0.434291
0.565409
0.021090
0.960268
0.159600
0.349017
0.748677
0.720134
0.832071
0.183052
0.698523
0.052218
0.991223
0.030481
0.160386
0.994508
0.676656
0.039198
0.241429
0.639249
0.157915
0.909093
0.438855
0.862305
0.498328
0.163414
0.780893
0.003707
0.796589
0.293171
0.129903
0.218114
0.449811
0.243348
0.741334
0.713948
0.281829
0.209656
0.672293
0.599954
0.880480
0.214576
0.133475
0.557930
0.987611
0.431463
0.378200
0.060375
0.285585
0.725437
0.222312
0.351813
0.424014
0.379823
0.788682
0.912542
0.630472
0.476888
0.570081
0.623547
0.748950
0.901626
0.404148
0.351339
0.049794
0.437338
0.454229
0.171468
0.654873
0.921763
0.789824
0.949453
0.921737
0.932498
0.660382
0.497891
0.630504
0.970474
0.056226
0.028476
0.317235
0.610222
0.650313
0.117705
0.597545
0.585689
0.714626
0.904992
0.824190
0.280351
0.104911
0.741966
0.922402
0.590371
0.907524
0.011677
0.746692
0.629556
0.842149
0.336490
0.802901
0.244861
0.014110
0.893387
0.679232
0.811186
0.110056
0.055449
0.030010
0.274224
0.630741
0.078255
0.455931
0.910105
0.254681
0.049961
0.124551
0.770587
0.926404
0.823786
0.474747
0.282542
0.763067
0.151688
0.848926
0.970489
0.373186
0.737946
0.396705
0.770930
0.681215
0.431427
0.093834
0.907221
0.851745
0.275261
0.220105
0.793753
0.407055
0.632704
0.139986
0.938170
0.131776
0.107907
0.729749
0.310389
0.858414
0.480369
0.294827
0.147164
0.727481
0.371805
0.321157
0.660952
0.015987
0.864188
0.904256
0.621816
0.128039
0.787716
0.199784
0.281137
0.841302
0.897440
0.739341
0.605865
0.403070
0.657332
0.955242
0.292066
0.569691
0.850506
0.758039
0.526523
0.183110
0.734373
0.510515
0.965127
0.378260
0.959466
0.241919
0.896817
0.015076
0.970679
0.446182
0.061821
0.428855
0.109692
0.307873
0.092934
0.092736
0.137303
0.699632
0.048606
0.286031
0.394442
0.794841
0.006563
0.362176
0.320605
0.639284
0.186739
0.710025
0.548454
0.525528
0.572240
0.002271
0.293348
0.513807
0.497121
0.824717
0.256539
0.943121
0.169692
0.280154
0.760790
0.276337
0.600139
0.660607
0.337173
0.123010
0.901178
0.781682
0.481776
0.783698
0.430513
0.072777
0.801095
0.159506
0.743838
0.016905
0.264836
0.370618
0.827137
0.033866
0.784899
0.927559
0.577032
0.400540
0.839275
0.798949
0.997924
0.302033
0.359625
0.219479
0.084685
0.607433
0.601268
0.581885
0.859647
0.463928
0.214356
0.256650
0.532632
0.303031
0.234955
0.683185
0.252788
0.352663
0.214811
0.576255
0.420961
0.248850
0.208532
0.591383
0.031377
0.840776
0.836939
0.292990
0.011357
0.782946
0.145347
0.769018
0.027839
0.008206
0.475511
0.735786
0.729443
0.675379
0.069995
0.476841
0.892834
0.685254
0.627715
0.459524
0.442130
0.358687
0.529406
0.973043
0.810106
0.370560
0.951752
0.631758
0.609954
0.533352
0.588947
0.087469
0.086322
0.524065
0.200424
0.794429
0.314423
0.148267
0.703508
0.170840
0.615918
0.234984
0.029734
0.000589
0.160363
0.756209
0.463600
0.418966
0.220942
0.264771
0.682476
0.326116
0.053255
0.244306
0.216449
0.571973
0.865897
0.465093
0.546830
0.756434
0.851587
0.939502
0.562088
0.988514
0.747589
0.570794
0.589954
0.448232
0.894191
0.089033
0.724450
0.094991
0.259965
0.367865
0.666582
0.366182
0.402590
0.715890
0.797465
0.209777
0.833959
0.236414
0.702613
0.294657
0.758342
0.849290
0.866152
0.742427
0.652338
0.068634
0.753707
0.224454
0.655383
0.130143
0.002710
0.767905
0.239543
0.561772
0.938879
0.114507
0.127368
0.791524
0.137618
0.975798
0.926532
0.886097
0.249092
0.028609
0.450022
0.014139
0.805722
0.994535
0.190627
0.727869
0.230850
0.647131
0.918475
0.656795
0.767333
0.090606
0.870357
0.707307
0.544796
0.153738
0.499612
0.361867
0.504320
0.242783
0.255298
0.171562
0.399298
0.497112
0.359415
0.035769
0.591204
0.591337
0.050922
0.362679
0.859050
0.027667
0.265304
0.704423
0.941249
0.262254
0.218436
0.960570
0.028663
0.509269
0.863487
0.743724
0.927560
0.566461
0.689631
0.000984
0.111258
0.505956
0.831297
0.485014
0.379174
0.574036
0.956720
0.168472
0.342060
0.143654
0.904539
0.195547
0.452152
0.063433
0.537187
0.464357
0.796994
0.246899
0.779835
0.433958
0.375680
0.845700
0.313626
0.249705
0.076275
0.850554
0.891963
0.780733
0.073153
0.463693
0.748588
0.663289
0.863005
0.086527
0.066209
0.943678
0.658276
0.266302
0.974425
0.414564
0.356766
0.445490
0.045700
0.238387
0.806156
0.857664
0.758131
0.951631
0.582211
0.413601
0.893758
0.443711
0.999393
0.921384
0.341187
0.004207
0.572662
0.484219
0.271237
0.032225
0.649178
0.419753
0.154406
0.501595
0.428700
0.544621
0.588869
0.775699
0.091384
0.167970
0.407777
0.865649
0.251764
0.637729
0.034608
0.725569
0.457658
0.783354
0.555305
0.678749
0.952737
0.098818
0.475973
0.568398
0.421521
0.009570
0.634859
0.726764
0.935547
0.067245
0.237393
0.356354
0.819456
0.415843
0.483013
0.417024
0.655756
0.373159
0.752549
0.612670
0.147002
0.471179
0.824892
0.571286
0.054155
0.799226
0.091720
0.812122
0.929853
0.993581
0.239013
0.593708
0.865361
0.717344
0.364124
0.236488
0.969944
0.974274
0.997133
0.013810
0.801406
0.100365
0.995264
0.205025
0.466553
0.776914
0.779086
0.404449
0.610332
0.908810
0.879270
0.679933
0.012388
0.711817
0.262635
0.674787
0.009788
0.852590
0.406246
0.246825
0.464683
0.985171
0.588308
0.738256
0.495619
0.527725
0.364608
0.470196
0.691293
0.023257
0.699248
0.555531
0.025463
0.928062
0.718434
0.623892
0.191789
0.171667
0.556053
0.552495
0.577343
0.331994
0.259804
0.796578
0.593545
0.769524
0.226621
0.413212
0.583263
0.564178
0.136144
0.372207
0.022841
0.598699
0.850992
0.247892
0.237799
0.632255
0.252572
0.885489
0.350949
0.708034
0.481196
0.135862
0.681693
0.738568
0.549238
0.252360
0.315231
0.612552
0.796092
0.043533
0.060451
0.666881
0.153672
0.375449
0.515232
0.867687
0.691215
0.117371
0.457929
0.544098
0.408125
0.124549
0.283772
0.018493
0.743618
0.351863
0.704936
0.976980
0.771913
0.692085
0.433043
0.923868
0.551716
0.632489
0.062820
0.563866
0.598760
0.323582
0.875699
0.455772
0.950131
0.153687
0.782066
0.781392
0.789147
0.423136
0.120953
0.573445
0.099533
0.211825
0.535887
0.246207
0.317647
0.033878
0.645668
0.772627
0.451489
0.373168
0.728820
0.351693
0.635276
0.693449
0.140455
0.909773
0.588299
0.016848
0.680320
0.279688
0.946834
0.664464
0.630760
0.401277
0.937847
0.252830
0.683351
0.387195
0.363248
0.539982
0.472964
0.797688
0.363440
0.214885
0.937984
0.968112
0.928918
0.223975
0.225473
0.732928
0.628657
0.728555
0.359986
0.389941
0.524058
0.286799
0.394816
0.248513
0.737184
0.354124
0.264416
0.605515
0.642042
0.695659
0.056732
0.492769
0.147667
0.804585
0.924220
0.039711
0.041748
0.920078
0.352271
0.795054
0.863552
0.738611
0.003822
0.851170
0.274898
0.412369
0.858881
0.114973
0.397925
0.928521
0.867721
0.569018
0.088406
0.463102
0.836508
0.866601
0.613362
0.803252
0.764083
0.104582
0.701721
0.431571
0.348685
0.117698
0.436771
0.366325
0.883332
0.138110
0.959168
0.351266
0.258630
0.163931
0.449232
0.488813
0.291750
0.880491
0.357296
0.910339
0.100334
0.478087
0.350846
0.577315
0.740064
0.209969
0.947216
0.807074
0.824660
0.034302
0.300574
0.616919
0.347046
0.183870
0.111953
0.480356
0.420436
0.007267
0.131085
0.589173
0.158101
0.925312
0.218780
0.215138
0.410546
0.846458
0.438597
0.265053
0.578867
0.884929
0.146570
0.622914
0.223026
0.725348
0.547722
0.372935
0.683801
0.477589
0.688135
0.497182
0.437155
0.365628
0.351309
0.141560
0.399779
0.094111
0.827572
0.043916
0.904555
0.236425
0.025288
0.218002
0.564690
0.487986
0.892605
0.487036
0.745277
0.128524
0.618513
0.960641
0.861023
0.537094
0.581930
0.048874
0.218900
0.103580
0.517607
0.107129
0.624468
0.380423
0.867560
0.305643
0.470623
0.818343
0.786808
0.817359
0.527508
0.929789
0.772163
0.917907
0.152358
0.223875
0.382806
0.091435
0.138008
0.756553
0.021415
0.736052
0.918826
0.639767
0.244593
0.562637
0.352817
0.353342
0.571335
0.280747
0.798649
0.203360
0.258303
0.665395
0.706354
0.770765
0.010635
0.598423
0.440444
0.693962
0.097061
0.178254
0.554206
0.629135
0.838060
0.491733
0.233915
0.732067
0.935818
0.141845
0.131720
0.505183
0.614731
0.125027
0.305952
0.353577
0.041203
0.151851
0.487600
0.693781
0.991494
0.004814
0.391718
0.959014
0.236363
0.026980
0.292495
0.344662
0.611259
0.335240
0.580750
0.637747
0.240808
0.851929
0.522598
0.974131
0.886345
0.748549
0.938044
0.867203
0.885251
0.395355
0.018237
0.351794
0.650825
0.410553
0.000158
0.587091
0.201459
0.902846
0.917471
0.762269
0.687866
0.501104
0.146299
0.648619
0.387090
0.264884
0.964679
0.641906
0.132078
0.069561
0.844421
0.638712
0.645539
0.559820
0.694159
0.590511
0.746855
0.265257
0.772313
0.079233
0.900784
0.971839
0.488722
0.758058
0.076717
0.942971
0.813702
0.001199
0.387226
0.083930
0.513279
0.606412
0.474659
0.643395
0.929336
0.894000
0.114535
0.545853
0.523442
0.046045
0.004488
0.948601
0.903088
0.029622
0.207495
0.117112
0.549114
0.947757
0.218171
0.212513
0.963041
0.161860
0.120843
0.084919
0.453085
0.029395
0.808181
0.666375
0.277588
0.600539
0.729119
0.057164
0.364624
0.117568
0.134832
0.899217
0.326522
0.660735
0.291503
0.130387
0.988071
0.784372
0.628635
0.713328
0.147133
0.486990
0.291666
0.432742
0.786437
0.359101
0.067629
0.354722
0.455296
0.252533
0.152608
0.041968
0.039990
0.314973
0.729736
0.118605
0.641574
0.733500
0.826503
0.278360
0.779855
0.030845
0.420096
0.329850
0.642301
0.258148
0.259546
0.372733
0.596605
0.927932
0.373416
0.698459
0.685685
0.031078
0.731792
0.509394
0.323852
0.981525
0.031313
0.050036
0.912897
0.832455
0.072004
0.244110
0.596849
0.607714
0.694655
0.431254
0.874163
0.092220
0.747493
0.297077
0.286073
0.925100
0.050908
0.590323
0.899865
0.339316
0.828966
0.720889
0.805829
0.391520
0.576478
0.832461
0.346626
0.025902
0.830363
0.443504
0.297835
0.815763
0.814056
0.250361
0.718411
0.726576
0.423711
0.186217
0.689823
0.744287
0.524959
0.329662
0.662614
0.712588
0.028956
0.756626
0.629127
0.222941
0.716478
0.929414
0.841159
0.901065
0.278816
0.716603
0.291281
0.933682
0.544217
0.637549
0.676588
0.179225
0.358620
0.425257
0.063610
0.706296
0.089442
0.501351
0.973157
0.103598
0.221155
0.456913
0.103825
0.405111
0.011419
0.132923
0.412931
0.974244
0.676505
0.394068
0.773616
0.190724
0.074764
0.189654
0.926875
0.283972
0.356899
0.995373
0.947248
0.156712
0.551780
0.229692
0.940949
0.542560
0.556553
0.738590
0.195151
0.341356
0.499805
0.942411
0.497203
0.475972
0.946515
0.738570
0.842517
0.114358
0.913558
0.753877
0.249870
0.600575
0.164506
0.040214
0.902891
0.938557
0.752476
0.807321
0.336457
0.172363
0.279768
0.286448
0.886768
0.506655
0.843062
0.318606
0.123842
0.511172
0.132902
0.761188
0.485184
0.252927
0.656230
0.306694
0.829369
0.699898
0.550718
0.807311
0.128310
0.239946
0.959646
0.699117
0.016937
0.658720
0.436075
0.619623
0.419050
0.420299
0.345072
0.812445
0.968098
0.594313
0.732725
0.412825
0.441626
0.273306
0.630711
0.207757
0.928147
0.824073
0.265157
0.964486
0.945182
0.816740
0.138550
0.921104
0.227222
0.975329
0.453443
0.533011
0.402368
0.993546
0.846705
0.068984
0.276388
0.559568
0.903077
0.150606
0.942943
0.433555
0.416762
0.828806
0.438741
0.921650
0.869823
0.291252
0.162361
0.590210
0.096123
0.794363
0.775496
0.564027
0.599559
0.913670
0.805370
0.252279
0.495350
0.706297
0.667080
0.845965
0.543116
0.879291
0.324602
0.430577
0.240507
0.557570
0.309229
0.057757
0.446126
0.745224
0.314170
0.619684
0.500504
0.073932
0.084081
0.869948
0.313866
0.932228
0.818260
0.434662
0.389445
0.569390
0.806268
0.157549
0.251098
0.267675
0.514724
0.622775
0.243963
0.176676
0.844012
0.199257
0.176916
0.903525
0.773675
0.450210
0.775572
0.452717
0.115216
0.251677
0.414589
0.609288
0.591081
0.463793
0.098008
0.359103
0.958560
0.498535
0.156405
0.440000
0.397359
0.627706
0.629572
0.617555
0.879596
0.374901
0.803513
0.779187
0.740967
0.835211
0.870473
0.440395
0.171836
0.266408
0.180769
0.756835
0.846997
0.795365
0.055173
0.636016
0.412854
0.583466
0.626580
0.042358
0.050775
0.294739
0.679733
0.089347
0.835372
0.210486
0.957743
0.012567
0.106446
0.834138
0.904152
0.617325
0.573359
0.330098
0.309296
0.294642
0.370574
0.640319
0.829714
0.199360
0.783121
0.622367
0.849355
0.684095
0.860733
0.052711
0.651331
0.582811
0.639399
0.839012
0.368964
0.437744
0.189102
0.285130
0.684887
0.263446
0.206460
0.752628
0.746933
0.941677
0.371058
0.562503
0.269581
0.840916
0.184188
0.480903
0.289686
0.754225
0.508770
0.632583
0.545270
0.749224
0.529185
0.185836
0.946101
0.023929
0.349793
0.652668
0.104817
0.362191
0.950858
0.147954
0.397358
0.282507
0.720661
0.451323
0.521429
0.473926
0.282517
0.215537
0.021779
0.612827
0.835481
0.165095
0.751005
0.154296
0.727465
0.628830
0.734674
0.191871
0.479529
0.250233
0.409476
0.979392
0.980096
0.219266
0.703184
0.208708
0.067839
0.869407
0.925154
0.637000
0.221986
0.983681
0.936125
0.157458
0.578802
0.653426
0.566069
0.907069
0.992987
0.033539
0.748831
0.505266
0.362754
0.837960
0.342321
0.017181
0.937320
0.919142
0.103000
0.735267
0.825576
0.775253
0.783415
0.373017
0.424673
0.328858
0.821532
0.764556
0.987285
0.820846
0.590611
0.663828
0.046289
0.163332
0.678382
0.737157
0.915624
0.595296
0.164266
0.342903
0.986063
0.984710
0.363395
0.191991
0.034663
0.620892
0.006175
0.483038
0.266635
0.840854
0.322154
0.605847
0.308386
0.333375
0.996921
0.007005
0.870484
0.464564
0.470823
0.311346
0.299291
0.468657
0.548212
0.293018
0.736023
0.847795
0.785993
0.789914
0.101978
0.824541
0.630228
0.155208
0.628688
0.190876
0.769521
0.339752
0.151745
0.397436
0.673965
0.199084
0.887039
0.226728
0.788376
0.118797
0.908184
0.894081
0.348578
0.552009
0.043848
0.920085
0.289485
0.562701
0.413771
0.618259
0.213726
0.968662
0.322193
0.541709
0.889574
0.177791
0.727462
0.732517
0.246914
0.311512
0.006557
0.117614
0.340013
0.709045
0.233287
0.894888
0.245835
0.406286
0.688915
0.253279
0.366657
0.683053
0.823943
0.270605
0.105721
0.272434
0.389832
0.332871
0.384695
0.325994
0.959385
0.918822
0.971677
0.728601
0.554556
0.093463
0.088490
0.856598
0.600427
0.554333
0.266033
0.373096
0.924111
0.574249
0.916423
0.154119
0.017327
0.684292
0.590684
0.939360
0.281392
0.440770
0.390737
0.801301
0.473388
0.119927
0.504432
0.026433
0.072255
0.684125
0.332382
0.502348
0.783547
0.863265
0.175335
0.204427
0.901618
0.695195
0.950857
0.875895
0.747972
0.368846
0.908045
0.494988
0.904546
0.713859
0.809055
0.622972
0.460652
0.180442
0.546157
0.226773
0.992351
0.653215
0.663106
0.069975
0.492995
0.942781
0.749547
0.265913
0.973686
0.298797
0.177222
0.086637
0.952419
0.788259
0.146722
0.621482
0.550633
0.882793
0.513538
0.378993
0.415946
0.098662
0.362159
0.425968
0.189803
0.033268
0.796960
0.157352
0.738798
0.641885
0.918650
0.290743
0.868425
0.098377
0.455004
0.179262
0.737987
0.083650
0.014649
0.036526
0.695443
0.845588
0.432644
0.167483
0.750912
0.874224
0.176609
0.798857
0.407609
0.535898
0.282151
0.602952
0.068950
0.510141
0.786332
0.508565
0.740576
0.373054
0.127943
0.892756
0.246053
0.170915
0.483311
0.747235
0.674992
0.327771
0.506422
0.913096
0.282340
0.730765
0.442072
0.977676
0.557594
0.336949
0.080825
0.927259
0.682688
0.145330
0.524518
0.149395
0.097301
0.877896
0.231059
0.878584
0.390332
0.213388
0.307275
0.679058
0.236309
0.917542
0.518554
0.058434
0.595454
0.713576
0.984036
0.805966
0.896185
0.236659
0.026100
0.149165
0.418777
0.916109
0.142900
0.322519
0.598957
0.129083
0.572693
0.642088
0.470160
0.469496
0.418720
0.679687
0.963214
0.475928
0.803379
0.630448
0.282193
0.662262
0.020447
0.467477
0.075195
0.194808
0.154098
0.977383
0.618788
0.059665
0.133471
0.270405
0.734883
0.064056
0.691528
0.858902
0.658774
0.515414
0.196967
0.897959
0.577102
0.921939
0.827926
0.681844
0.054491
0.558393
0.056237
0.990075
0.067606
0.240881
0.910975
0.376855
0.865382
0.154369
0.990055
0.997601
0.374177
0.076680
0.688627
0.066352
0.366592
0.842724
0.613012
0.537766
0.112719
0.392725
0.648946
0.107494
0.732555
0.248164
0.652857
0.124650
0.968345
0.759219
0.234951
0.510149
0.595591
0.967439
0.602840
0.274652
0.191481
0.427395
0.934463
0.729865
0.479499
0.831068
0.249060
0.986959
0.968950
0.778732
0.244944
0.835837
0.108154
0.540051
0.072807
0.599017
0.670072
0.149180
0.513344
0.053876
0.589095
0.677589
0.527904
0.016995
0.967757
0.028375
0.650947
0.684377
0.472123
0.095807
0.193051
0.321257
0.834595
0.633857
0.723207
0.395290
0.682893
0.677466
0.799171
0.746831
0.413955
0.860291
0.414600
0.890088
0.331510
0.472689
0.131752
0.038875
0.766074
0.603685
0.368464
0.950733
0.396118
0.210673
0.808192
0.183150
0.489154
0.460607
0.401840
0.855650
0.281499
0.186414
0.930141
0.511484
0.215455
0.802407
0.595324
0.172689
0.252664
0.522420
0.610845
0.182245
0.982386
0.224434
0.257900
0.927102
0.743447
0.805433
0.377493
0.035807
0.478605
0.370252
0.766794
0.144502
0.540099
0.098149
0.448555
0.825019
0.165106
0.130866
0.282310
0.768842
0.839881
0.325932
0.886131
0.820675
0.271315
0.218933
0.337678
0.955374
0.184661
0.038537
0.623293
0.791982
0.666188
0.117985
0.303896
0.738627
0.269503
0.546829
0.366426
0.362029
0.604297
0.406647
0.729576
0.075368
0.626262
0.434498
0.372577
0.738256
0.346930
0.457855
0.555783
0.262575
0.182182
0.444779
0.101794
0.817920
0.658183
0.513075
0.205884
0.730405
0.693484
0.742176
0.744473
0.668570
0.176052
0.131523
0.550391
0.210162
0.053964
0.549171
0.623699
0.383508
0.658530
0.014382
0.746799
0.277266
0.478583
0.157952
0.472592
0.312265
0.104696
0.204023
0.954437
0.269223
0.562064
0.317127
0.586650
0.666063
0.750814
0.658220
0.924309
0.578592
0.212484
0.993442
0.851094
0.498289
0.941423
0.199372
0.463936
0.320954
0.459868
0.508504
0.643207
0.059962
0.875434
0.838722
0.777203
0.377882
0.139785
0.050495
0.609684
0.530201
0.227221
0.475572
0.679200
0.814909
0.451938
0.560895
0.318972
0.121694
0.642713
0.971507
0.686066
0.674495
0.393758
0.996195
0.788615
0.561168
0.110494
0.599609
0.979836
0.144001
0.069002
0.964624
0.887597
0.944856
0.207892
0.868679
0.248280
0.098651
0.871344
0.737859
0.613687
0.968967
0.222073
0.722454
0.399750
0.019505
0.542966
0.637752
0.245780
0.535155
0.146137
0.113825
0.153022
0.286427
0.108157
0.798041
0.371246
0.730986
0.550208
0.954060
0.502143
0.846052
0.681904
0.301074
0.788266
0.185407
0.327534
0.437018
0.056269
0.254759
0.153484
0.689526
0.283185
0.799219
0.315572
0.738369
0.254514
0.096635
0.745062
0.853119
0.282847
0.850539
0.792091
0.089813
0.455791
0.776446
0.445281
0.290337
0.381944
0.475272
0.846259
0.228302
0.903659
0.687605
0.317859
0.745150
0.745360
0.522583
0.624740
0.220252
0.566160
0.755142
0.685179
0.218729
0.385511
0.785360
0.452786
0.660768
0.850670
0.353672
0.186886
0.356166
0.314693
0.605686
0.830332
0.247860
0.193739
0.600364
0.713479
0.208192
0.572420
0.855307
0.303090
0.731660
0.525937
0.022907
0.214906
0.367898
0.127776
0.291101
0.208641
0.238645
0.611693
0.602485
0.384155
0.482450
0.656751
0.285546
0.297532
0.970854
0.264146
0.191739
0.215852
0.139812
0.194590
0.932190
0.229365
0.280103
0.434981
0.307741
0.439851
0.130462
0.663132
0.526119
0.943894
0.117210
0.179280
0.299957
0.829830
0.084111
0.273160
0.419426
0.907119
0.856211
0.495360
0.893224
0.386885
0.481421
0.801738
0.251679
0.232380
0.493576
0.039620
0.105709
0.398120
0.040728
0.744559
0.555391
0.676446
0.222432
0.716383
0.541887
0.370246
0.479755
0.343289
0.736487
0.510615
0.381780
0.142741
0.060503
0.838171
0.652334
0.487908
0.429776
0.266805
0.780713
0.988400
0.817543
0.048595
0.060125
0.494055
0.229415
0.358647
0.397636
0.190519
0.684205
0.518604
0.739333
0.755373
0.794381
0.577580
0.454485
0.043558
0.039864
0.469264
0.522428
0.270850
0.328941
0.463945
0.865944
0.164123
0.940042
0.134214
0.674864
0.047167
0.438117
0.553078
0.063665
0.330803
0.659380
0.943259
0.906795
0.376037
0.358157
0.496402
0.195486
0.199021
0.609600
0.580965
0.759798
0.986552
0.562003
0.057525
0.699652
0.890874
0.632481
0.920255
0.368590
0.072524
0.739761
0.983330
0.254029
0.459977
0.667823
0.830996
0.597744
0.194834
0.154167
0.750070
0.100330
0.231309
0.796418
0.863601
0.553412
0.058768
0.371060
0.184463
0.743326
0.016054
0.658017
0.807616
0.470042
0.166368
0.364848
0.959785
0.025070
0.201444
0.244300
0.125318
0.972096
0.343771
0.998974
0.966960
0.574112
0.715608
0.066845
0.260306
0.710769
0.143555
0.881392
0.560662
0.629723
0.867410
0.700095
0.821097
0.375710
0.122082
0.595029
0.680400
0.241108
0.061295
0.699329
0.639718
0.081735
0.991842
0.303257
0.846616
0.841628
0.387135
0.893630
0.705302
0.130555
0.648798
0.730361
0.031781
0.198018
0.085067
0.053854
0.972679
0.147485
0.074726
0.517009
0.406484
0.734607
0.885344
0.935595
0.045970
0.593169
0.114563
0.950717
0.960529
0.232532
0.223173
0.697160
0.737184
0.650298
0.128747
0.071323
0.999025
0.903965
0.328561
0.692533
0.499808
0.485324
0.520565
0.151452
0.513486
0.841324
0.191158
0.639348
0.737403
0.885186
0.138494
0.551985
0.427919
0.841495
0.400103
0.161853
0.987196
0.269024
0.553544
0.952529
0.719919
0.605051
0.858865
0.708881
0.978676
0.074899
0.211603
0.956888
0.416767
0.310471
0.375087
0.846819
0.567185
0.521511
0.460782
0.073524
0.466517
0.563356
0.125433
0.927577
0.542515
0.744918
0.453756
0.071036
0.484095
0.720652
0.995426
0.131556
0.312499
0.310257
0.925110
0.708620
0.372390
0.589865
0.794298
0.885617
0.461606
0.098459
0.843682
0.841542
0.818348
0.503282
0.344830
0.656049
0.184533
0.567972
0.939906
0.901608
0.664069
0.767189
0.448194
0.116538
0.594803
0.391475
0.108158
0.752629
0.152895
0.486090
0.723804
0.691139
0.908354
0.467599
0.684095
0.920893
0.050508
0.761925
0.324151
0.472240
0.502135
0.307649
0.597006
0.200629
0.641024
0.268289
0.524653
0.513532
0.847701
0.797316
0.397148
0.634483
0.598084
0.199651
0.188496
0.497979
0.319803
0.333401
0.158096
0.868982
0.730948
0.595574
0.106477
0.780788
0.879985
0.335534
0.254083
0.885002
0.605593
0.039932
0.211851
0.807373
0.635177
0.132887
0.012345
0.103239
0.040801
0.735129
0.670173
0.906330
0.271289
0.225899
0.240465
0.864679
0.479256
0.951317
0.844139
0.457399
0.361802
0.922993
0.628717
0.286061
0.233637
0.850618
0.133435
0.434438
0.551367
0.352293
0.027407
0.490353
0.607713
0.686339
0.689577
0.323390
0.614393
0.848343
0.599222
0.212216
0.892434
0.377192
0.005754
0.415253
0.388646
0.713830
0.846567
0.778473
0.237028
0.456514
0.381678
0.474044
0.583838
0.356295
0.513917
0.463582
0.395091
0.396485
0.263419
0.779774
0.465224
0.799859
0.365152
0.220099
0.345686
0.307345
0.458254
0.546414
0.412196
0.571939
0.835907
0.784149
0.789430
0.011615
0.224513
0.714861
0.351872
0.964965
0.560914
0.155897
0.519594
0.493317
0.236414
0.120913
0.067698
0.673101
0.776343
0.455013
0.668192
0.722188
0.423918
0.038233
0.383032
0.803965
0.597152
0.151144
0.827080
0.852902
0.687563
0.096317
0.219747
0.265343
0.169423
0.669382
0.044044
0.799289
0.488313
0.573466
0.531817
0.526912
0.697713
0.370728
0.693896
0.183553
0.312401
0.064755
0.113918
0.756958
0.347392
0.907570
0.224571
0.660491
0.011173
0.524999
0.285014
0.334093
0.021990
0.954144
0.778215
0.616711
0.015929
0.686722
0.446958
0.733975
0.015541
0.312005
0.687282
0.244851
0.427770
0.853128
0.518081
0.791029
0.539924
0.390497
0.845630
0.992798
0.982441
0.066068
0.241786
0.335159
0.127209
0.062221
0.954608
0.387909
0.890174
0.649009
0.370146
0.203475
0.907001
0.893502
0.644157
0.236224
0.550531
0.125003
0.722492
0.627006
0.758782
0.749862
0.468901
0.196690
0.142250
0.509657
0.119012
0.992422
0.339256
0.776483
0.779236
0.730379
0.088088
0.979098
0.189339
0.978750
0.984692
0.753681
0.467434
0.424704
0.394662
0.912947
0.056151
0.069094
0.488269
0.827373
0.588727
0.692641
0.867297
0.312283
0.893761
0.437356
0.752418
0.614542
0.857405
0.846945
0.199868
0.592613
0.361710
0.209950
0.316168
0.683714
0.017910
0.549370
0.939643
0.751845
0.913364
0.102525
0.757487
0.410418
0.090930
0.634890
0.327126
0.913250
0.979506
0.431682
0.970627
0.207660
0.494491
0.310914
0.010904
0.243434
0.026927
0.501693
0.318471
0.131390
0.040051
0.731504
0.637489
0.245308
0.492026
0.366219
0.659869
0.860971
0.803595
0.946600
0.316159
0.426056
0.589399
0.965030
0.251990
0.054649
0.871728
0.226232
0.958807
0.340102
0.995433
0.635722
0.527660
0.080018
0.962769
0.759743
0.494781
0.007080
0.406902
0.000439
0.747711
0.119495
0.922844
0.730006
0.960728
0.704802
0.974559
0.227587
0.528317
0.650782
0.096983
0.762643
0.465440
0.137230
0.611730
0.668559
0.243347
0.302339
0.575207
0.750242
0.029695
0.977440
0.177908
0.869446
0.301702
0.083852
0.313628
0.051581
0.301104
0.785594
0.537348
0.957763
0.299660
0.991701
0.130542
0.065840
0.143950
0.301906
0.492657
0.404162
0.048223
0.989427
0.577518
0.181825
0.104037
0.114615
0.593394
0.159157
0.475456
0.363207
0.685498
0.102185
0.748531
0.702949
0.819655
0.164836
0.403836
0.452316
0.585888
0.542628
0.880802
0.855098
0.140677
0.241584
0.202590
0.754598
0.006648
0.306145
0.630271
0.461180
0.948422
0.349801
0.315044
0.406936
0.643394
0.732224
0.417255
0.681208
0.366178
0.226620
0.660963
0.040719
0.405484
0.521073
0.792804
0.488065
0.432150
0.397626
0.913897
0.012314
0.537115
0.932835
0.153552
0.585467
0.158051
0.563574
0.653522
0.008529
0.613420
0.361808
0.331556
0.700934
0.462703
0.362112
0.392990
0.027086
0.411553
0.285665
0.059144
0.253758
0.980621
0.504492
0.481264
0.732092
0.656793
0.589672
0.308754
0.397973
0.745616
0.287296
0.880468
0.184500
0.643630
0.265904
0.507782
0.440322
0.749383
0.479152
0.818229
0.947585
0.731863
0.487470
0.628420
0.633229
0.375098
0.582451
0.315020
0.567409
0.717690
0.057725
0.152509
0.342762
0.706008
0.470068
0.586505
0.428292
0.079808
0.234493
0.911373
0.591608
0.709028
0.397081
0.320883
0.983278
0.100500
0.929286
0.800669
0.977038
0.293335
0.387487
0.831230
0.359608
0.861732
0.281518
0.370229
0.963876
0.243958
0.995926
0.082842
0.339182
0.116248
0.607729
0.288902
0.552469
0.030377
0.444393
0.595584
0.714036
0.033659
0.725802
0.684400
0.321657
0.490111
0.133961
0.221228
0.016804
0.821543
0.654181
0.358143
0.846736
0.387318
0.531501
0.795798
0.626190
0.221535
0.686091
0.875097
0.492435
0.846383
0.431395
0.666917
0.247436
0.880419
0.838754
0.528625
0.580877
0.660515
0.592262
0.096147
0.767792
0.596227
0.677612
0.180326
0.934554
0.475340
0.748670
0.536334
0.486981
0.439328
0.515542
0.974879
0.794291
0.847495
0.997862
0.783954
0.722673
0.748526
0.987078
0.929890
0.112217
0.178221
0.561465
0.006452
0.790950
0.002148
0.997625
0.400732
0.219734
0.521959
0.922220
0.644590
0.361775
0.564143
0.047685
0.420390
0.870486
0.269938
0.335691
0.189788
0.189463
0.305174
0.932069
0.914307
0.658324
0.708778
0.716990
0.836470
0.218148
0.098711
0.814117
0.790223
0.810282
0.454074
0.902494
0.009407
0.062252
0.192127
0.674920
0.903025
0.354538
0.758996
0.286561
0.766059
0.861953
0.452787
0.137537
0.894583
0.663387
0.697882
0.833254
0.073921
0.513656
0.489148
0.666213
0.908603
0.371210
0.224829
0.463056
0.962867
0.275458
0.646847
0.140597
0.180461
0.667441
0.107289
0.814588
0.552490
0.747623
0.879800
0.804964
0.502056
0.964536
0.734663
0.381331
0.954451
0.228043
0.496291
0.592431
0.561646
0.940944
0.801894
0.023344
0.049819
0.442712
0.780069
0.824176
0.158695
0.959071
0.868059
0.853979
0.141417
0.651194
0.486440
0.283658
0.293720
0.858255
0.789967
0.501606
0.481161
0.127091
0.213361
0.665834
0.133129
0.122728
0.030748
0.746325
0.672414
0.013510
0.647536
0.401380
0.849067
0.424592
0.843450
0.531692
0.947316
0.553537
0.685505
0.855908
0.334262
0.541780
0.329633
0.351430
0.319140
0.695698
0.429744
0.904186
0.791865
0.651033
0.372958
0.011154
0.609629
0.074436
0.059752
0.879355
0.200297
0.995861
0.447788
0.765088
0.351342
0.365573
0.578151
0.897148
0.653089
0.929516
0.302775
0.827780
0.564995
0.016784
0.431775
0.555112
0.573731
0.332961
0.519460
0.260828
0.411810
0.353062
0.007766
0.006822
0.805511
0.407837
0.945860
0.234591
0.720853
0.057187
0.004668
0.411104
0.576361
0.844432
0.005069
0.664913
0.391383
0.025198
0.678519
0.756249
0.338700
0.364652
0.878843
0.224842
0.670190
0.596859
0.963947
0.059238
0.484279
0.639986
0.566204
0.731343
0.303946
0.161127
0.470262
0.939954
0.934023
0.584477
0.817025
0.907023
0.566541
0.136623
0.352551
0.570406
0.602875
0.022691
0.940628
0.516848
0.161433
0.327101
0.057770
0.998946
0.739642
0.732686
0.489379
0.879859
0.998986
0.651914
0.945839
0.849487
0.141835
0.863978
0.817276
0.755895
0.848821
0.251485
0.785738
0.395720
0.245516
0.730513
0.513550
0.607308
0.867153
0.967774
0.126595
0.010339
0.090142
0.978635
0.711254
0.235685
0.999138
0.199750
0.543784
0.989254
0.158404
0.130053
0.270857
0.793564
0.256216
0.133856
0.760020
0.750810
0.091076
0.499811
0.838839
0.171154
0.868456
0.349479
0.641449
0.410010
0.276857
0.489257
0.781287
0.758054
0.311897
0.799420
0.068743
0.727728
0.317214
0.254012
0.992482
0.579971
0.210896
0.165361
0.683194
0.434935
0.366226
0.746938
0.578502
0.810440
0.115465
0.588337
0.507809
0.931909
0.345429
0.136107
0.415805
0.657540
0.153623
0.774199
0.443402
0.362461
0.033659
0.597769
0.584834
0.625617
0.558734
0.474088
0.639688
0.063150
0.031893
0.484321
0.678601
0.152000
0.071852
0.339902
0.741378
0.387503
0.603099
0.867278
0.986288
0.618718
0.219066
0.154763
0.009272
0.905235
0.387074
0.455240
0.551836
0.739223
0.463842
0.438488
0.316351
0.976463
0.990288
0.886858
0.107541
0.320106
0.234370
0.428059
0.018874
0.700930
0.450734
0.398809
0.882647
0.397817
0.825903
0.433088
0.702470
0.242223
0.577764
0.868758
0.286940
0.750382
0.178103
0.566287
0.803230
0.526988
0.166936
0.233332
0.469343
0.784123
0.527387
0.848938
0.103804
0.319154
0.089860
0.281087
0.751507
0.795378
0.934266
0.691362
0.104495
0.669145
0.259038
0.820474
0.936407
0.607217
0.685695
0.748386
0.269348
0.738108
0.467709
0.222813
0.491934
0.581163
0.572410
0.149813
0.147249
0.997121
0.104695
0.340257
0.609490
0.003909
0.041277
0.105890
0.368016
0.801422
0.744240
0.798764
0.137583
0.849039
0.222631
0.887776
0.513493
0.339621
0.610858
0.666064
0.390418
0.913745
0.832626
0.183015
0.863645
0.957920
0.919176
0.494628
0.831492
0.330544
0.950572
0.825997
0.017650
0.859334
0.088777
0.739638
0.632188
0.454002
0.671284
0.903436
0.389993
0.177908
0.834042
0.551952
0.105368
0.122449
0.632423
0.234831
0.581562
0.427934
0.128997
0.946078
0.013968
0.294696
0.416841
0.227939
0.625741
0.328175
0.047155
0.343140
0.754591
0.061758
0.829922
0.109242
0.109499
0.001079
0.476361
0.488847
0.416099
0.033572
0.051931
0.529418
0.169490
0.546998
0.708632
0.746460
0.713212
0.100713
0.665352
0.543805
0.363146
0.993411
0.905008
0.764764
0.795094
0.571114
0.557237
0.967876
0.414766
0.619136
0.435386
0.521035
0.928954
0.681787
0.696544
0.107703
0.836615
0.653556
0.093374
0.739008
0.058636
0.485538
0.786488
0.865428
0.425014
0.350833
0.186126
0.681849
0.238213
0.112689
0.791877
0.219729
0.631437
0.439127
0.499193
0.320119
0.940582
0.407795
0.341460
0.081294
0.808602
0.944817
0.136359
0.874746
0.241056
0.941363
0.005273
0.523284
0.331567
0.391718
0.234494
0.734994
0.875960
0.396571
0.446977
0.386807
0.593821
0.375300
0.553389
0.751429
0.176222
0.330986
0.451205
0.261381
0.878380
0.511908
0.940605
0.903891
0.875970
0.313284
0.825908
0.840408
0.103880
0.762980
0.671315
0.344461
0.796122
0.434969
0.179692
0.651639
0.445673
0.134264
0.663149
0.815428
0.402984
0.197089
0.574169
0.162647
0.831915
0.750038
0.566035
0.442262
0.241839
0.771959
0.051298
0.261290
0.314666
0.302332
0.727047
0.901580
0.245545
0.639875
0.035725
0.111185
0.315980
0.875140
0.030243
0.964114
0.918127
0.600837
0.612135
0.382173
0.749001
0.143646
0.611516
0.412682
0.393369
0.161264
0.677586
0.855791
0.014054
0.948436
0.448430
0.335157
0.368412
0.295717
0.968862
0.405737
0.869741
0.244723
0.825071
0.792431
0.912344
0.583614
0.964810
0.353343
0.179034
0.426561
0.671884
0.861391
0.149794
0.720950
0.663686
0.198040
0.530370
0.026066
0.780523
0.052881
0.819529
0.407016
0.235500
0.722829
0.733742
0.787633
0.893690
0.104675
0.708043
0.606118
0.549359
0.474750
0.191796
0.117159
0.669981
0.149445
0.958154
0.184295
0.575808
0.620347
0.145922
0.906256
0.523729
0.257728
0.252599
0.921039
0.664179
0.176144
0.797348
0.731474
0.339849
0.355897
0.872624
0.896013
0.694932
0.614104
0.303237
0.428517
0.063679
0.519127
0.631579
0.250767
0.106995
0.842108
0.647776
0.041465
0.165829
0.639368
0.683513
0.325464
0.800116
0.559416
0.388274
0.146989
0.982017
0.468310
0.206767
0.170589
0.912199
0.987139
0.276253
0.553572
0.927920
0.035352
0.962567
0.433676
0.471652
0.973708
0.753543
0.375727
0.589013
0.440573
0.728621
0.621024
0.924731
0.475341
0.323374
0.483217
0.685417
0.022700
0.607707
0.734414
0.537880
0.411515
0.796473
0.325273
0.911738
0.902073
0.211271
0.282830
0.675079
0.895430
0.412155
0.129810
0.651914
0.898621
0.718021
0.669175
0.950184
0.839482
0.834417
0.477651
0.569057
0.824825
0.807518
0.951995
0.254276
0.935729
0.023033
0.251743
0.070299
0.153687
0.468773
0.982192
0.657997
0.011362
0.979648
0.961372
0.646633
0.061702
0.683837
0.914745
0.188903
0.759171
0.368870
0.441391
0.087759
0.846826
0.986397
0.095430
0.483798
0.843018
0.014364
0.926429
0.571926
0.721441
0.895371
0.322538
0.316087
0.378300
0.269947
0.500117
0.630778
0.980328
0.223499
0.483592
0.998113
0.787422
0.265681
0.919300
0.989193
0.543634
0.260938
0.567067
0.658504
0.030266
0.028968
0.813265
0.280134
0.874840
0.833857
0.049111
0.394516
0.209657
0.480640
0.257949
0.634486
0.273733
0.238028
0.655260
0.299375
0.551833
0.306058
0.725166
0.145905
0.544371
0.047421
0.497158
0.364626
0.761914
0.701203
0.406821
0.210657
0.038052
0.797801
0.584278
0.257469
0.754371
0.993766
0.914133
0.742465
0.071286
0.545314
0.710638
0.973109
0.758493
0.139252
0.351849
0.262352
0.718762
0.300089
0.716519
0.362099
0.798859
0.092061
0.767466
0.863484
0.981314
0.334828
0.125187
0.532680
0.550804
0.051593
0.975448
0.051015
0.328894
0.368398
0.154611
0.128129
0.570888
0.583334
0.756447
0.456930
0.618538
0.624429
0.104180
0.479099
0.902366
0.614954
0.431519
0.429888
0.387338
0.764904
0.116421
0.630967
0.055656
0.307399
0.811344
0.500067
0.520405
0.698755
0.313723
0.246173
0.363808
0.800984
0.520445
0.719008
0.293844
0.265456
0.310048
0.381569
0.712972
0.836490
0.696407
0.874457
0.792718
0.793615
0.097657
0.140757
0.647868
0.251254
0.064096
0.580211
0.704021
0.534573
0.308825
0.201438
0.852253
0.350264
0.384875
0.240958
0.484642
0.970991
0.852560
0.217752
0.004393
0.152256
0.280825
0.892126
0.904338
0.000448
0.926321
0.097623
0.007528
0.510801
0.433966
0.914724
0.963699
0.994034
0.402740
0.155105
0.595341
0.110406
0.160470
0.625184
0.187122
0.729944
0.591338
0.137721
0.312431
0.337601
0.359886
0.740208
0.290773
0.202071
0.375244
0.128812
0.869777
0.027040
0.839353
0.716610
0.225561
0.303599
0.722913
0.324876
0.875209
0.082587
0.012823
0.966159
0.595105
0.385598
0.574849
0.687914
0.938877
0.973416
0.975279
0.945425
0.448702
0.690619
0.105318
0.472776
0.153718
0.105103
0.951952
0.120622
0.449297
0.661284
0.359069
0.629500
0.950926
0.065716
0.122541
0.807449
0.416450
0.123884
0.263057
0.080660
0.330421
0.746915
0.820431
0.885939
0.244308
0.346969
0.013153
0.873706
0.466318
0.340041
0.106913
0.390298
0.194571
0.974945
0.835870
0.208311
0.687393
0.207212
0.720401
0.973750
0.564460
0.836666
0.125081
0.338714
0.832557
0.627416
0.400654
0.248384
0.729690
0.629027
0.953734
0.351060
0.981317
0.417605
0.587990
0.999992
0.562432
0.475559
0.960572
0.815752
0.559255
0.428787
0.497509
0.277917
0.224290
0.360024
0.611855
0.314785
0.818486
0.917124
0.568308
0.359897
0.334262
0.435005
0.838075
0.844098
0.693136
0.790021
0.287705
0.591904
0.511715
0.205503
0.045677
0.090911
0.029802
0.727223
0.390452
0.102995
0.294349
0.587531
0.503776
0.586074
0.193030
0.176908
0.432956
0.395149
0.431169
0.841704
0.105877
0.731408
0.045777
0.226779
0.742500
0.808114
0.550451
0.381837
0.506594
0.702050
0.304880
0.350161
0.741458
0.859251
0.202713
0.458537
0.633368
0.223795
0.271530
0.027090
0.646517
0.458377
0.278683
0.717795
0.573185
0.225443
0.936736
0.240412
0.542893
0.997609
0.802269
0.634585
0.834296
0.366138
0.461793
0.846873
0.833552
0.316205
0.098524
0.821450
0.982936
0.437716
0.033757
0.823217
0.063427
0.540415
0.336618
0.212102
0.655041
0.642048
0.095906
0.387272
0.118638
0.798316
0.447807
0.120015
0.942969
0.743380
0.953213
0.994053
0.800709
0.809661
0.418400
0.172016
0.157218
0.095684
0.752816
0.206849
0.775791
0.350723
0.957729
0.116880
0.963143
0.544993
0.839483
0.443320
0.898875
0.594135
0.541115
0.508925
0.892677
0.206752
0.486083
0.596589
0.913014
0.323738
0.827843
0.266603
0.231048
0.118158
0.999054
0.531338
0.523542
0.024421
0.454123
0.106098
0.278501
0.765505
0.198873
0.454899
0.847293
0.846969
0.201064
0.849916
0.987011
0.486527
0.275524
0.163351
0.236815
0.447902
0.537642
0.610479
0.972008
0.747742
0.018965
0.162609
0.479598
0.704322
0.538665
0.848721
0.899092
0.296797
0.424600
0.664523
0.372282
0.303755
0.177749
0.307680
0.245752
0.189810
0.673745
0.457968
0.669884
0.208997
0.995279
0.821093
0.438086
0.693714
0.489098
0.654941
0.410013
0.997956
0.141382
0.996989
0.362518
0.063602
0.865209
0.311650
0.612090
0.078495
0.793896
0.776280
0.252521
0.195070
0.173944
0.924613
0.351565
0.778277
0.951337
0.866362
0.950329
0.151559
0.644961
0.801748
0.209140
0.309610
0.600869
0.049700
0.543661
0.566702
0.221172
0.308470
0.094980
0.609288
0.261271
0.367429
0.377439
0.921666
0.789216
0.988780
0.447941
0.053435
0.900909
0.177944
0.440504
0.697496
0.784926
0.561364
0.809783
0.047353
0.230699
0.090492
0.127338
0.402459
0.173799
0.790684
0.774387
0.490360
0.372085
0.773773
0.374782
0.474386
0.806461
0.233070
0.311982
0.115637
0.899996
0.639525
0.173752
0.058018
0.149143
0.857819
0.468354
0.705071
0.260826
0.401123
0.455962
0.657350
0.389140
0.543283
0.439072
0.179098
0.565396
0.507172
0.355639
0.662971
0.915289
0.447967
0.018702
0.561550
0.756923
0.450099
0.846244
0.754413
0.173434
0.256621
0.425031
0.819494
0.153992
0.949750
0.752191
0.177492
0.896892
0.301333
0.498278
0.578079
0.368522
0.011980
0.135564
0.896650
0.711926
0.557624
0.275322
0.710377
0.598737
0.862249
0.057837
0.622303
0.118212
0.515542
0.938911
0.802233
0.297131
0.754216
0.716592
0.713180
0.844306
0.925754
0.141891
0.492099
0.213443
0.653330
0.957238
0.953672
0.578119
0.420642
0.706416
0.685887
0.812618
0.795428
0.159731
0.206170
0.072376
0.010395
0.698171
0.646806
0.067783
0.120325
0.500291
0.938414
0.625094
0.454103
0.875590
0.960211
0.628209
0.580410
0.588120
0.625833
0.935045
0.505851
0.514076
0.373443
0.362286
0.324239
0.477126
0.028891
0.332227
0.035814
0.605218
0.510673
0.275489
0.755128
0.052632
0.345430
0.383333
0.026350
0.431008
0.462749
0.803344
0.464748
0.793107
0.238013
0.872217
0.443091
0.513065
0.252037
0.479403
0.041719
0.906874
0.736268
0.155368
0.981041
0.936850
0.172265
0.978207
0.755202
0.843836
0.014234
0.892372
0.685668
0.050885
0.003365
0.533256
0.113493
0.182188
0.042702
0.151388
0.448996
0.540972
0.101323
0.729982
0.297619
0.890144
0.116559
0.889610
0.380702
0.879413
0.363015
0.673712
0.469930
0.962649
0.257133
0.808740
0.054206
0.149227
0.066055
0.532640
0.957692
0.433101
0.489536
0.585457
0.627771
0.243369
0.583641
0.455794
0.311684
0.760068
0.995008
0.476882
0.840588
0.438951
0.974391
0.866007
0.239786
0.589008
0.138261
0.301051
0.883877
0.346459
0.447196
0.127884
0.415579
0.888989
0.369822
0.792380
0.146977
0.233969
0.701055
0.590772
0.161936
0.464403
0.003378
0.332136
0.838442
0.726371
0.139928
0.006725
0.009614
0.841692
0.868118
0.053908
0.482133
0.879585
0.962570
0.323480
0.130850
0.531058
0.836078
0.324070
0.288311
0.629779
0.127383
0.852417
0.647955
0.663189
0.224484
0.597253
0.399735
0.617590
0.192254
0.811537
0.816907
0.000976
0.073097
0.646815
0.012750
0.387342
0.029404
0.243422
0.085944
0.326229
0.296555
0.170308
0.373385
0.961261
0.415224
0.308210
0.029160
0.201399
0.711719
0.769946
0.648447
0.788700
0.495129
0.951559
0.155094
0.106295
0.940014
0.308076
0.671609
0.070355
0.123393
0.947622
0.590330
0.949801
0.184776
0.637646
0.564512
0.457482
0.077996
0.317009
0.638088
0.956601
0.883591
0.707672
0.232852
0.126118
0.150470
0.119758
0.211815
0.928891
0.235644
0.043709
0.737478
0.226299
0.110738
0.623308
0.143783
0.883100
0.604060
0.603317
0.540482
0.706277
0.546961
0.845462
0.368680
0.061611
0.793248
0.006535
0.626298
0.511745
0.580383
0.472357
0.982206
0.319477
0.201245
0.141344
0.497789
0.160046
0.455171
0.151436
0.174665
0.886140
0.847060
0.144138
0.047347
0.689400
0.003261
0.159413
0.039559
0.502151
0.273016
0.755193
0.302984
0.983120
0.984200
0.445243
0.257181
0.930889
0.322098
0.049136
0.049424
0.468829
0.299993
0.048091
0.653212
0.845277
0.790290
0.540414
0.324201
0.192682
0.084944
0.890303
0.632311
0.089504
0.953927
0.663761
0.788749
0.268581
0.670501
0.945370
0.486710
0.315742
0.972031
0.629669
0.974496
0.702397
0.425098
0.780899
0.579808
0.995866
0.163659
0.654853
0.403961
0.591188
0.469002
0.476584
0.404767
0.808170
0.160248
0.567725
0.586845
0.697415
0.264153
0.917171
0.518101
0.399089
0.932954
0.788860
0.891125
0.398167
0.079011
0.460428
0.348272
0.519918
0.695000
0.686463
0.289149
0.009372
0.328397
0.980117
0.879286
0.538525
0.679017
0.306840
0.978726
0.485021
0.788339
0.283958
0.209283
0.326077
0.789390
0.479869
0.879227
0.491385
0.685914
0.906599
0.984135
0.518755
0.129600
0.299462
0.002671
0.856235
0.664094
0.277586
0.706033
0.154473
0.404570
0.979041
0.699823
0.393059
0.621587
0.264333
0.917089
0.684598
0.198004
0.082002
0.781288
0.100280
0.427682
0.090086
0.257923
0.360667
0.124737
0.127186
0.513602
0.735480
0.512093
0.626898
0.401262
0.996107
0.858074
0.569347
0.490328
0.764611
0.329803
0.063591
0.860529
0.102954
0.032137
0.154621
0.378150
0.686220
0.700907
0.948731
0.673441
0.403569
0.019205
0.650993
0.537964
0.730666
0.025457
0.608592
0.960599
0.717361
0.582061
0.953770
0.520976
0.934337
0.373303
0.940129
0.359083
0.222504
0.401335
0.566045
0.439791
0.588871
0.448940
0.578941
0.331049
0.092654
0.477848
0.454169
0.214510
0.065371
0.431349
0.442247
0.347318
0.508669
0.409953
0.278217
0.693824
0.013631
0.688844
0.646849
0.945972
0.045329
0.545883
0.997461
0.651105
0.936347
0.368911
0.802102
0.665947
0.433053
0.011092
0.850834
0.655502
0.138341
0.863058
0.677885
0.855629
0.694619
0.610599
0.712401
0.818034
0.050775
0.146652
0.247567
0.356443
0.656881
0.606333
0.821829
0.412685
0.930376
0.993769
0.105979
0.061454
0.837490
0.369475
0.889852
0.372495
0.933648
0.067032
0.262378
0.348953
0.706611
0.907804
0.578744
0.660655
0.566097
0.882459
0.308420
0.391055
0.323643
0.268037
0.357786
0.516604
0.506445
0.649307
0.961127
0.337293
0.348937
0.813179
0.733732
0.577116
0.805850
0.984910
0.980856
0.373209
0.430514
0.374858
0.856284
0.872402
0.462128
0.504530
0.464267
0.653951
0.965785
0.280679
0.498555
0.697194
0.368966
0.286198
0.512294
0.112866
0.238272
0.256559
0.412539
0.356849
0.640145
0.210553
0.273111
0.145090
0.929319
0.204074
0.059582
0.788436
0.308757
0.175696
0.360102
0.166148
0.004821
0.852805
0.715850
0.056831
0.401426
0.187022
0.644831
0.045542
0.976934
0.287678
0.952795
0.725812
0.387523
0.322075
0.425006
0.415348
0.540800
0.351310
0.492627
0.104152
0.003388
0.570382
0.967456
0.853810
0.586261
0.921353
0.438782
0.366712
0.451547
0.548303
0.426092
0.943933
0.584581
0.062835
0.881390
0.550539
0.974931
0.088873
0.134879
0.207073
0.350164
0.055508
0.877744
0.425951
0.806096
0.706644
0.275804
0.911539
0.177272
0.296187
0.807767
0.242642
0.491439
0.937533
0.921847
0.756178
0.351744
0.076099
0.104487
0.350764
0.590421
0.553660
0.454947
0.428976
0.037715
0.233221
0.359497
0.697031
0.749782
0.653197
0.358971
0.040645
0.539334
0.679629
0.803431
0.195807
0.152759
0.625208
0.387685
0.433225
0.937484
0.803838
0.161427
0.975200
0.343311
0.989496
0.107720
0.363668
0.101501
0.748147
0.883601
0.498159
0.425331
0.111444
0.816541
0.562439
0.075891
0.560985
0.750513
0.558563
0.636866
0.791860
0.835420
0.667108
0.842049
0.224250
0.853635
0.152321
0.299340
0.731819
0.177398
0.030943
0.454980
0.555657
0.950822
0.223458
0.141768
0.872512
0.590259
0.406504
0.555015
0.986080
0.196778
0.285215
0.999977
0.610083
0.974497
0.504235
0.254530
0.211897
0.248529
0.916142
0.890824
0.885477
0.176284
0.426061
0.399669
0.722329
0.745886
0.131187
0.461414
0.149281
0.155441
0.973982
0.207055
0.201792
0.166919
0.627796
0.813323
0.201572
0.528401
0.833661
0.275517
0.807233
0.058423
0.907002
0.701811
0.906755
0.486188
0.633025
0.972802
0.320479
0.641387
0.269522
0.110042
0.783413
0.087376
0.875854
0.197299
0.175577
0.791463
0.686849
0.198308
0.469145
0.926061
0.750377
0.514754
0.361140
0.394436
0.547345
0.628240
0.060414
0.174832
0.812864
0.669990
0.197690
0.076690
0.277338
0.262033
0.327388
0.002737
0.546222
0.473627
0.990003
0.310679
0.837211
0.236661
0.803784
0.368254
0.793586
0.063798
0.554451
0.895396
0.092500
0.413097
0.751715
0.187257
0.066916
0.542872
0.621346
0.811839
0.059986
0.200533
0.001530
0.875986
0.730588
0.989167
0.112284
0.453483
0.028790
0.755596
0.666658
0.269017
0.059988
0.843674
0.292490
0.231747
0.556462
0.556569
0.733455
0.912230
0.175108
0.671774
0.798161
0.556463
0.340083
0.352609
0.526044
0.730777
0.849137
0.299954
0.538807
0.191345
0.962350
0.487965
0.046160
0.072050
0.192057
0.327530
0.474600
0.984457
0.512677
0.601200
0.187995
0.123652
0.209235
0.013364
0.268712
0.973683
0.083284
0.699404
0.828041
0.706365
0.235017
0.537582
0.814665
0.867194
0.140292
0.607418
0.789933
0.442119
0.241325
0.638294
0.638670
0.898920
0.769818
0.792051
0.684293
0.296958
0.021245
0.623312
0.176971
0.059015
0.799068
0.561296
0.623575
0.499013
0.247624
0.756867
0.928190
0.699327
0.792431
0.638555
0.811907
0.831468
0.406665
0.021332
0.480674
0.513869
0.922570
0.111852
0.009936
0.300530
0.606519
0.253939
0.414831
0.894282
0.716520
0.758053
0.874671
0.178396
0.260878
0.658494
0.080481
0.660313
0.676781
0.742086
0.174327
0.421225
0.647569
0.692102
0.249196
0.165273
0.777408
0.691162
0.878169
0.462101
0.342151
0.326880
0.641645
0.776515
0.835110
0.143986
0.121356
0.379010
0.526505
0.686681
0.329937
0.730898
0.755338
0.374985
0.044783
0.437801
0.172429
0.058809
0.014965
0.365254
0.653384
0.593521
0.509928
0.010159
0.100231
0.280739
0.178751
0.721862
0.850474
0.518111
0.688692
0.866574
0.912325
0.501834
0.111788
0.528914
0.744856
0.325647
0.528245
0.844306
0.801821
0.320068
0.815383
0.555983
0.557902
0.975612
0.090870
0.890357
0.236124
0.293741
0.779006
0.344492
0.955196
0.909302
0.768806
0.479441
0.515522
0.828198
0.632626
0.313186
0.542631
0.124043
0.374091
0.406947
0.206785
0.437551
0.674061
0.238594
0.237501
0.622410
0.103406
0.956915
0.451753
0.381393
0.271318
0.110505
0.514593
0.236446
0.377922
0.445000
0.150937
0.676520
0.139939
0.362433
0.527285
0.826880
0.558138
0.136441
0.022105
0.483650
0.495344
0.477086
0.103638
0.857346
0.533731
0.539031
0.533882
0.869138
0.080174
0.966834
0.617488
0.343603
0.188392
0.071087
0.714340
0.941701
0.066636
0.729181
0.734542
0.177752
0.739679
0.104416
0.834593
0.364130
0.833847
0.777230
0.033470
0.827456
0.953853
0.382284
0.967391
0.240013
0.620175
0.345154
0.502000
0.410158
0.235727
0.812387
0.420715
0.375454
0.050586
0.368664
0.908011
0.142300
0.593505
0.634819
0.046366
0.915788
0.538985
0.340477
0.045630
0.163542
0.478631
0.965040
0.423566
0.357303
0.565564
0.540788
0.856318
0.735981
0.500628
0.711842
0.917543
0.933959
0.829141
0.642733
0.424972
0.818368
0.016945
0.870325
0.613134
0.379105
0.274505
0.692863
0.851014
0.015329
0.597799
0.189860
0.123371
0.062197
0.994761
0.466611
0.994487
0.901582
0.366019
0.217057
0.273081
0.500521
0.008675
0.198760
0.097148
0.721157
0.211891
0.713739
0.657473
0.245907
0.913014
0.688913
0.278560
0.461615
0.883000
0.449906
0.075738
0.146449
0.409891
0.781960
0.907189
0.303265
0.949075
0.371706
0.839641
0.983225
0.709111
0.223549
0.846495
0.443384
0.641833
0.144404
0.957112
0.482017
0.805513
0.890552
0.576028
0.295435
0.569819
0.070347
0.190842
0.700026
0.631314
0.396537
0.187521
0.063288
0.308258
0.381940
0.991878
0.787593
0.083452
0.072235
0.255980
0.690435
0.863888
0.909607
0.308213
0.124916
0.925931
0.321007
0.585785
0.184212
0.014812
0.124765
0.268385
0.833774
0.567163
0.349317
0.831778
0.315016
0.525341
0.557790
0.740064
0.664237
0.712314
0.272197
0.995359
0.690525
0.235832
0.590988
0.763652
0.256394
0.890648
0.593716
0.795580
0.204915
0.027538
0.626560
0.860875
0.777065
0.857867
0.062453
0.915237
0.863080
0.662449
0.629577
0.218373
0.931523
0.873458
0.901960
0.121965
0.979851
0.498134
0.045941
0.746299
0.350210
0.853036
0.416234
0.264332
0.754215
0.077590
0.095360
0.011911
0.350461
0.395688
0.970184
0.142933
0.218530
0.594080
0.439314
0.048163
0.073217
0.686316
0.345104
0.256482
0.562751
0.230981
0.224024
0.037302
0.994747
0.272982
0.469135
0.422907
0.833642
0.376625
0.498422
0.869461
0.813365
0.719249
0.522740
0.275444
0.008996
0.714145
0.007117
0.576253
0.711151
0.131530
0.419168
0.633731
0.446858
0.186316
0.358366
0.639364
0.990667
0.561425
0.659926
0.749900
0.709740
0.835400
0.567043
0.174145
0.086679
0.283069
0.565247
0.429673
0.763838
0.517993
0.972607
0.988211
0.952871
0.945477
0.879557
0.028452
0.553257
0.494863
0.532069
0.515029
0.823570
0.599883
0.751946
0.322419
0.949224
0.895798
0.487965
0.622516
0.350460
0.602089
0.091636
0.254624
0.074309
0.059447
0.411319
0.296629
0.114300
0.389804
0.298449
0.556081
0.001643
0.748166
0.619618
0.199962
0.511649
0.134990
0.368276
0.241862
0.829138
0.237860
0.969777
0.105339
0.016577
0.271208
0.373548
0.982190
0.128705
0.282830
0.026108
0.204405
0.817390
0.895956
0.318701
0.348534
0.770473
0.955610
0.603287
0.291226
0.828344
0.048020
0.370646
0.934700
0.122006
0.361820
0.684330
0.820875
0.076368
0.859810
0.464240
0.352929
0.622526
0.230001
0.713552
0.843030
0.462779
0.584711
0.282754
0.104987
0.732126
0.376463
0.264543
0.810570
0.900003
0.499422
0.613337
0.328260
0.255994
0.045131
0.083134
0.263162
0.823293
0.681301
0.077492
0.416848
0.043629
0.122384
0.505364
0.385862
0.077448
0.660708
0.236541
0.517659
0.063060
0.226900
0.250454
0.442705
0.178532
0.948353
0.072092
0.901503
0.850064
0.674502
0.588770
0.085296
0.950593
0.437633
0.841512
0.209183
0.332388
0.318000
0.884794
0.536412
0.537379
0.681981
0.308392
0.572593
0.028964
0.262035
0.515095
0.648587
0.789060
0.047207
0.348019
0.610809
0.624129
0.452923
0.161294
0.837711
0.023946
0.738843
0.927842
0.301182
0.916845
0.143498
0.478035
0.891622
0.165206
0.704486
0.462942
0.725435
0.144917
0.232957
0.135953
0.653700
0.252584
0.411144
0.546500
0.690754
0.684211
0.481702
0.239644
0.581460
0.329122
0.497576
0.055268
0.225883
0.122872
0.601186
0.120631
0.180149
0.702877
0.301639
0.630034
0.952217
0.710546
0.218755
0.505336
0.311333
0.583636
0.262628
0.531094
0.329896
0.182595
0.717492
0.058047
0.376500
0.094642
0.198625
0.868720
0.778899
0.959321
0.951061
0.298885
0.375644
0.659306
0.458839
0.208628
0.675138
0.720176
0.833553
0.896777
0.840867
0.762932
0.950950
0.552446
0.221552
0.352991
0.804324
0.337423
0.644968
0.089428
0.043454
0.693185
0.194197
0.278187
0.167845
0.966261
0.685037
0.033034
0.343007
0.945707
0.563347
0.147996
0.308541
0.406441
0.441052
0.585031
0.346766
0.252191
0.989580
0.920682
0.780640
0.351793
0.409467
0.595469
0.969736
0.662608
0.194879
0.309758
0.273009
0.734792
0.411813
0.409878
0.947112
0.190181
0.208719
0.608204
0.449007
0.269531
0.778287
0.880992
0.111624
0.041864
0.489165
0.887687
0.661320
0.369686
0.406344
0.755467
0.545879
0.223800
0.918965
0.572778
0.541812
0.441488
0.694297
0.435595
0.609705
0.521799
0.676642
0.390173
0.466363
0.551692
0.349906
0.116030
0.842498
0.856800
0.982592
0.692912
0.894718
0.470542
0.073972
0.295500
0.740560
0.015346
0.720172
0.159594
0.585325
0.089741
0.118934
0.663533
0.409449
0.755046
0.931798
0.868601
0.685184
0.215424
0.722457
0.362168
0.091317
0.285048
0.190036
0.747312
0.694688
0.736121
0.416033
0.622678
0.567258
0.121509
0.843698
0.396324
0.307467
0.165730
0.208569
0.777290
0.434649
0.318058
0.138937
0.288671
0.125233
0.561481
0.644983
0.645901
0.259498
0.071271
0.215335
0.344042
0.247622
0.816911
0.739797
0.297795
0.603780
0.701136
0.977002
0.878001
0.737037
0.329827
0.785732
0.188369
0.927788
0.006523
0.838668
0.926203
0.958497
0.045280
0.037302
0.670844
0.367476
0.995653
0.346778
0.943616
0.794473
0.873528
0.269403
0.882989
0.386797
0.991566
0.675582
0.878738
0.734740
0.483009
0.210916
0.008834
0.305053
0.112590
0.998234
0.622815
0.841213
0.468308
0.853290
0.915397
0.699236
0.127810
0.732882
0.834063
0.587795
0.893128
0.634144
0.164395
0.681373
0.687536
0.663762
0.136882
0.575223
0.208255
0.495858
0.398967
0.050868
0.928774
0.937295
0.696078
0.120904
0.544529
0.819164
0.105392
0.321846
0.455691
0.933176
0.166083
0.723768
0.380813
0.231744
0.749806
0.625498
0.695087
0.010471
0.015168
0.404104
0.586960
0.291822
0.289925
0.487426
0.626862
0.128710
0.224670
0.918409
0.841786
0.046758
0.061756
0.479982
0.889486
0.343980
0.363202
0.849230
0.426031
0.466640
0.041326
0.749617
0.260467
0.180021
0.035879
0.570005
0.390338
0.752881
0.481393
0.419220
0.511820
0.874316
0.708532
0.084913
0.098211
0.521809
0.923166
0.865467
0.640534
0.499188
0.906930
0.743710
0.143992
0.863265
0.583026
0.871161
0.474044
0.957893
0.790997
0.831582
0.645827
0.274194
0.114245
0.652575
0.650698
0.855712
0.104029
0.033977
0.913632
0.467237
0.743701
0.761799
0.975226
0.246048
0.496918
0.776462
0.492067
0.054330
0.783600
0.864082
0.149207
0.251516
0.227365
0.439554
0.578499
0.105293
0.518196
0.390176
0.876540
0.560039
0.234102
0.448575
0.815976
0.581426
0.465504
0.063679
0.343914
0.795943
0.586111
0.238487
0.461194
0.644102
0.014025
0.303381
0.076272
0.766048
0.306840
0.093741
0.927462
0.838360
0.434461
0.500604
0.167285
0.580761
0.573425
0.863118
0.702678
0.151503
0.266436
0.171549
0.884816
0.650175
0.290906
0.549575
0.642290
0.946685
0.080212
0.984639
0.651393
0.555158
0.041449
0.775087
0.637271
0.771510
0.613411
0.662863
0.399675
0.793446
0.408561
0.120491
0.657084
0.041624
0.282731
0.761117
0.302922
0.400743
0.676311
0.340330
0.167652
0.599307
0.070667
0.318551
0.880463
0.446806
0.903548
0.452698
0.924328
0.147071
0.787227
0.385913
0.478165
0.406548
0.373121
0.704081
0.139861
0.556250
0.706654
0.427891
0.123902
0.406124
0.416096
0.409202
0.027366
0.050595
0.579142
0.600454
0.758023
0.344028
0.610975
0.665868
0.718295
0.264867
0.017557
0.903204
0.838823
0.887189
0.357916
0.944808
0.555401
0.178434
0.259155
0.206711
0.323009
0.342059
0.827952
0.554520
0.760712
0.923859
0.302297
0.154861
0.021169
0.400712
0.287207
0.981115
0.478495
0.470499
0.418176
0.942201
0.328243
0.761937
0.796117
0.103159
0.193229
0.183096
0.037528
0.966279
0.328989
0.627328
0.283649
0.281520
0.522570
0.255372
0.012354
0.354990
0.278454
0.072382
0.996519
0.324208
0.385323
0.018623
0.252637
0.368921
0.457443
0.292591
0.323409
0.326219
0.544407
0.125309
0.738067
0.678691
0.402984
0.724536
0.994190
0.384382
0.524829
0.607655
0.904749
0.517297
0.513801
0.041980
0.654136
0.187201
0.906646
0.811237
0.406931
0.707461
0.030781
0.026962
0.813147
0.479697
0.992941
0.203580
0.253719
0.563966
0.392441
0.315893
0.169965
0.403254
0.852787
0.057752
0.320795
0.671007
0.965402
0.020645
0.311393
0.710463
0.739215
0.010957
0.237139
0.534531
0.149852
0.224651
0.786515
0.854964
0.882188
0.498126
0.646744
0.109582
0.860017
0.353992
0.555914
0.956290
0.656565
0.060517
0.845336
0.202644
0.379630
0.423497
0.815889
0.639712
0.125070
0.529301
0.792095
0.748985
0.592401
0.157832
0.197679
0.751081
0.956263
0.084163
0.496370
0.965001
0.587483
0.987596
0.341675
0.946676
0.717508
0.186891
0.779400
0.375562
0.639942
0.920415
0.846644
0.158040
0.542942
0.389971
0.411035
0.716350
0.566227
0.287035
0.593945
0.931831
0.176442
0.020181
0.621447
0.711207
0.454636
0.362415
0.446748
0.644664
0.389594
0.737186
0.987860
0.724480
0.770787
0.861822
0.324255
0.592951
0.774666
0.967130
0.696257
0.288360
0.838086
0.311925
0.650915
0.957749
0.912571
0.211229
0.178109
0.505231
0.693198
0.296888
0.180646
0.644603
0.915838
0.229367
0.122086
0.325008
0.316509
0.579462
0.196052
0.998388
0.346583
0.098688
0.860780
0.697488
0.237604
0.097084
0.082643
0.393155
0.509473
0.147193
0.132423
0.599686
0.515728
0.832965
0.278052
0.696971
0.119699
0.762328
0.217604
0.938184
0.095260
0.562186
0.596256
0.611768
0.345945
0.074582
0.450992
0.326473
0.536177
0.472793
0.926792
0.888183
0.228351
0.516082
0.108049
0.737297
0.119528
0.661888
0.308978
0.415403
0.471488
0.254180
0.666753
0.029997
0.327898
0.506728
0.381132
0.186007
0.612326
0.500056
0.444315
0.352854
0.700880
0.910810
0.204788
0.135815
0.563197
0.692303
0.608899
0.420434
0.065543
0.424974
0.463918
0.858725
0.529772
0.555528
0.566338
0.665929
0.141899
0.243491
0.039149
0.196560
0.304024
0.033940
0.721857
0.268504
0.523373
0.075157
0.956981
0.703912
0.932197
0.099949
0.616787
0.055640
0.032275
0.889392
0.714007
0.987986
0.757780
0.437753
0.440289
0.280476
0.450261
0.537325
0.976133
0.923442
0.839469
0.001940
0.916066
0.274154
0.623809
0.247897
0.652794
0.742241
0.744139
0.451074
0.564091
0.973165
0.944685
0.998947
0.346174
0.998487
0.714813
0.456294
0.337315
0.321686
0.205411
0.763312
0.175426
0.408270
0.213630
0.884907
0.633394
0.548933
0.829736
0.629914
0.975887
0.564513
0.839815
0.858978
0.681404
0.321496
0.478101
0.799863
0.873302
0.526813
0.622645
0.688930
0.303562
0.770688
0.028112
0.457540
0.233039
0.286285
0.689420
0.682130
0.051943
0.394890
0.930006
0.516700
0.984308
0.105407
0.308433
0.826490
0.720196
0.836888
0.937121
0.241560
0.319382
0.732864
0.306933
0.349057
0.230271
0.536224
0.211365
0.742894
0.767812
0.493389
0.864102
0.149608
0.894129
0.256534
0.803683
0.349130
0.645651
0.252609
0.679018
0.109242
0.050466
0.487898
0.509526
0.852439
0.879668
0.256889
0.513623
0.273976
0.076429
0.724177
0.099322
0.629830
0.206568
0.848174
0.110697
0.913337
0.774338
0.615360
0.923945
0.639247
0.747212
0.053835
0.486822
0.453958
0.133399
0.994911
0.895177
0.290660
0.955836
0.051511
0.600353
0.288168
0.466430
0.782106
0.841188
0.192158
0.944268
0.508954
0.394386
0.457589
0.921575
0.759382
0.236993
0.771043
0.181147
0.798870
0.214728
0.211731
0.369023
0.224677
0.309931
0.769928
0.566142
0.088767
0.602863
0.441579
0.662728
0.518778
0.520125
0.617824
0.879172
0.305795
0.463924
0.988195
0.277129
0.427662
0.415958
0.676238
0.604623
0.976593
0.609659
0.826306
0.318865
0.459838
0.864538
0.360268
0.130569
0.942130
0.676401
0.122900
0.913497
0.998695
0.657165
0.134691
0.322988
0.947549
0.418038
0.170821
0.967226
0.329844
0.489805
0.385064
0.474983
0.107013
0.373979
0.197360
0.303609
0.543460
0.318554
0.163811
0.630997
0.243547
0.912125
0.047849
0.175283
0.311629
0.090110
0.811322
0.286038
0.103882
0.646838
0.744258
0.150681
0.540686
0.847240
0.452044
0.459892
0.448298
0.231906
0.918784
0.375747
0.898568
0.209247
0.365574
0.146345
0.015468
0.528516
0.122450
0.210664
0.217149
0.227443
0.232757
0.137402
0.362306
0.148222
0.008694
0.241561
0.769588
0.615616
0.256774
0.222502
0.578803
0.370912
0.391965
0.667243
0.422672
0.355496
0.159241
0.762740
0.877877
0.437778
0.181317
0.060902
0.664159
0.677229
0.051298
0.640087
0.060213
0.219283
0.189003
0.506838
0.505124
0.414841
0.179707
0.581603
0.854110
0.258134
0.814065
0.112181
0.257300
0.736708
0.547943
0.858664
0.130322
0.187247
0.600935
0.893604
0.185423
0.251027
0.412289
0.361172
0.991903
0.522714
0.673020
0.039046
0.034576
0.486282
0.652929
0.046782
0.739050
0.831779
0.041305
0.544428
0.432533
0.746714
0.020042
0.765113
0.708949
0.275798
0.787937
0.225376
0.167099
0.342791
0.254897
0.456974
0.990615
0.528215
0.124828
0.103934
0.338462
0.196673
0.085944
0.728577
0.014740
0.067526
0.327243
0.170287
0.386528
0.822684
0.099910
0.800758
0.018532
0.845250
0.542393
0.519478
0.993270
0.682780
0.487893
0.833197
0.385563
0.328898
0.473035
0.863128
0.860069
0.917019
0.666454
0.623635
0.860611
0.919939
0.936059
0.416152
0.360060
0.449026
0.773711
0.682092
0.639504
0.746773
0.296084
0.158482
0.065474
0.466465
0.040435
0.680090
0.333962
0.832696
0.774056
0.471783
0.149983
0.276506
0.036141
0.274867
0.811443
0.638870
0.630833
0.151169
0.666043
0.536297
0.790183
0.308596
0.909988
0.982293
0.225787
0.791929
0.697238
0.858428
0.787847
0.382608
0.028060
0.328767
0.950395
0.551240
0.385623
0.791404
0.841447
0.806606
0.589392
0.460864
0.036829
0.284887
0.834069
0.175108
0.836416
0.922887
0.382829
0.520900
0.241555
0.058983
0.883606
0.871279
0.352401
0.805559
0.777173
0.428900
0.403926
0.036685
0.765768
0.868972
0.159357
0.334761
0.811023
0.675567
0.879773
0.739917
0.629934
0.765030
0.588639
0.645880
0.157626
0.490252
0.849999
0.686086
0.945674
0.619554
0.779099
0.953771
0.964711
0.383923
0.504177
0.399800
0.780092
0.186370
0.798178
0.751976
0.569343
0.067132
0.099138
0.799589
0.950171
0.518498
0.637997
0.386942
0.087759
0.742984
0.892569
0.959621
0.050115
0.948623
0.086455
0.007240
0.880215
0.775109
0.951605
0.246425
0.353693
0.444559
0.473322
0.887783
0.890830
0.730625
0.836423
0.830605
0.591584
0.339723
0.291331
0.129048
0.862428
0.798113
0.158835
0.573561
0.603719
0.438599
0.692272
0.731289
0.426383
0.580580
0.015883
0.289209
0.866627
0.497212
0.858088
0.043761
0.067464
0.263432
0.298433
0.380698
0.895775
0.078591
0.246965
0.588937
0.963675
0.157442
0.874767
0.852129
0.522917
0.783242
0.714429
0.261725
0.701103
0.616715
0.649179
0.695272
0.048434
0.854616
0.509440
0.903690
0.863760
0.331664
0.495564
0.651289
0.268677
0.159576
0.145481
0.252270
0.498423
0.996970
0.066020
0.347451
0.378315
0.543866
0.146659
0.264995
0.454487
0.354558
0.474435
0.808854
0.747675
0.562583
0.668791
0.818709
0.598798
0.611563
0.855081
0.345141
0.575086
0.585642
0.995505
0.783784
0.905504
0.233296
0.796212
0.812218
0.414225
0.278245
0.909328
0.473342
0.420897
0.111220
0.648654
0.248978
0.576460
0.456352
0.937784
0.467472
0.103256
0.105910
0.709400
0.889013
0.408191
0.317150
0.474484
0.812451
0.537689
0.965028
0.280205
0.547337
0.443197
0.044517
0.775224
0.594960
0.525983
0.616289
0.601176
0.382104
0.429980
0.789497
0.829072
0.891304
0.551438
0.835431
0.659371
0.031325
0.234106
0.025765
0.104472
0.091631
0.118722
0.289183
0.872388
0.124589
0.615550
0.280096
0.170328
0.599152
0.968706
0.953233
0.646962
0.169782
0.881040
0.237834
0.192101
0.904356
0.168310
0.905201
0.812556
0.814803
0.411401
0.223363
0.302907
0.034232
0.075349
0.492600
0.929958
0.484286
0.063900
0.055572
0.849604
0.376487
0.178376
0.875812
0.474873
0.391314
0.449585
0.278326
0.513890
0.878764
0.811524
0.946053
0.896514
0.924145
0.085634
0.765935
0.308395
0.622862
0.744350
0.618344
0.551202
0.407924
0.422697
0.703621
0.447776
0.773952
0.646682
0.499476
0.510953
0.241406
0.747238
0.942989
0.094810
0.904802
0.428458
0.930983
0.247079
0.408670
0.958881
0.732494
0.981488
0.694987
0.454572
0.407110
0.188774
0.365846
0.222752
0.822911
0.905109
0.005115
0.634720
0.367777
0.156712
0.302824
0.496826
0.947801
0.099372
0.326041
0.388240
0.366556
0.671643
0.779980
0.934267
0.678984
0.480471
0.603090
0.483957
0.613632
0.137981
0.739890
0.160771
0.657006
0.768192
0.435273
0.755028
0.893776
0.902403
0.894054
0.426916
0.196604
0.482000
0.649504
0.688785
0.859313
0.187438
0.484610
0.635499
0.267182
0.812138
0.249825
0.891576
0.698090
0.900065
0.421053
0.243883
0.848274
0.365719
0.741616
0.428615
0.176445
0.315305
0.791957
0.041340
0.660014
0.787819
0.830823
0.038820
0.057176
0.634814
0.751691
0.801396
0.268606
0.257574
0.498169
0.224659
0.892511
0.420478
0.782139
0.809173
0.566793
0.859268
0.448379
0.216993
0.192074
0.903005
0.329420
0.263732
0.629324
0.828433
0.934392
0.814922
0.965856
0.165523
0.815601
0.555421
0.943423
0.672939
0.956588
0.100625
0.642182
0.202168
0.025425
0.418214
0.014259
0.169087
0.836998
0.029208
0.360681
0.851681
0.868020
0.957057
0.345414
0.232706
0.168530
0.893543
0.640257
0.606002
0.513625
0.550212
0.794352
0.665246
0.139183
0.664117
0.422051
0.293862
0.905307
0.626599
0.302888
0.774868
0.231269
0.203871
0.487416
0.639379
0.645676
0.318142
0.002654
0.872544
0.295629
0.358047
0.250885
0.695649
0.258609
0.987112
0.695574
0.643144
0.000854
0.919029
0.928137
0.153342
0.825965
0.628468
0.709325
0.391537
0.657502
0.466191
0.078966
0.524296
0.999306
0.147207
0.127812
0.163676
0.417317
0.080735
0.525253
0.200107
0.386615
0.510701
0.396634
0.742701
0.847451
0.935541
0.643933
0.385729
0.314014
0.776045
0.303552
0.520027
0.879677
0.760004
0.034962
0.908062
0.962483
0.992398
0.333960
0.241437
0.134612
0.179884
0.564286
0.899548
0.879581
0.978330
0.401351
0.628181
0.620934
0.932146
0.781816
0.356766
0.866161
0.974163
0.952790
0.873065
0.809603
0.954806
0.714385
0.574023
0.238092
0.169316
0.449377
0.011546
0.083076
0.351770
0.033729
0.451950
0.462975
0.104647
0.221722
0.167828
0.559528
0.232687
0.599448
0.681095
0.171865
0.949801
0.700408
0.675951
0.292071
0.427781
0.376976
0.800517
0.545985
0.655549
0.021464
0.075891
0.842974
0.077706
0.730552
0.131379
0.078451
0.981133
0.006830
0.984647
0.232876
0.098381
0.091188
0.585542
0.710986
0.396613
0.519830
0.842340
0.265013
0.520839
0.999636
0.349160
0.345639
0.860205
0.195638
0.533305
0.224429
0.706068
0.524358
0.441272
0.731506
0.470630
0.546747
0.882184
0.952201
0.434858
0.054495
0.147397
0.726448
0.994456
0.443438
0.025021
0.294654
0.872639
0.467836
0.328126
0.933810
0.268441
0.969250
0.655354
0.927580
0.409331
0.673786
0.602718
0.714136
0.476875
0.651445
0.145311
0.555459
0.374185
0.531334
0.407694
0.571894
0.303929
0.066482
0.541702
0.485675
0.625626
0.142024
0.930426
0.917191
0.960994
0.820482
0.437113
0.577736
0.016096
0.517921
0.917738
0.202492
0.089028
0.904698
0.716001
0.567495
0.731904
0.624583
0.359494
0.434339
0.535895
0.425983
0.175787
0.766362
0.508059
0.799027
0.047194
0.060069
0.008716
0.712260
0.022949
0.135533
0.718125
0.542699
0.007567
0.229537
0.601206
0.792991
0.244116
0.735198
0.339056
0.689441
0.811167
0.431827
0.196020
0.254642
0.852163
0.548769
0.791046
0.948464
0.755962
0.506979
0.742100
0.471157
0.007302
0.682090
0.652368
0.822311
0.925935
0.032702
0.407013
0.209424
0.013182
0.937664
0.249221
0.899831
0.124669
0.086093
0.604300
0.609743
0.187973
0.763867
0.120572
0.524144
0.683948
0.380361
0.895815
0.541298
0.610468
0.579167
0.358000
0.835613
0.147347
0.776540
0.769073
0.332621
0.741175
0.471343
0.820540
0.189808
0.828828
0.170211
0.289592
0.877064
0.918406
0.271707
0.224529
0.950481
0.246331
0.753217
0.628235
0.113269
0.729377
0.004318
0.108445
0.657529
0.430369
0.650388
0.463558
0.880633
0.256300
0.710202
0.672754
0.569966
0.107624
0.931254
0.259149
0.149779
0.197472
0.646573
0.494753
0.583892
0.759536
0.996767
0.415974
0.628023
0.863377
0.861051
0.118414
0.525459
0.555903
0.341017
0.299722
0.739848
0.047773
0.140877
0.519229
0.818843
0.163468
0.687953
0.143146
0.982364
0.773787
0.337138
0.444049
0.529210
0.429517
0.503103
0.823410
0.655785
0.915014
0.063981
0.625934
0.780686
0.940472
0.880289
0.514430
0.968893
0.691602
0.772834
0.873992
0.549326
0.455485
0.803349
0.214217
0.519508
0.041352
0.201622
0.038226
0.831084
0.215030
0.782851
0.147226
0.149958
0.865812
0.198990
0.849375
0.184778
0.124500
0.867820
0.041692
0.177544
0.151367
0.923519
0.633761
0.650062
0.812796
0.032449
0.281982
0.000015
0.965335
0.417944
0.903127
0.040393
0.565926
0.937821
0.935932
0.076030
0.327059
0.558377
0.819490
0.611001
0.135595
0.068627
0.657194
0.280631
0.954006
0.378519
0.534973
0.101858
0.422799
0.244887
0.462579
0.635711
0.882851
0.768886
0.406661
0.155644
0.036422
0.508665
0.384402
0.415481
0.965583
0.551021
0.086436
0.110719
0.726826
0.385791
0.997824
0.626942
0.240588
0.926719
0.485822
0.169091
0.694447
0.522576
0.823196
0.865350
0.178748
0.302241
0.615833
0.939383
0.773388
0.697537
0.603403
0.544688
0.804535
0.487535
0.301814
0.354804
0.490011
0.208108
0.456211
0.503133
0.692102
0.270454
0.773282
0.966116
0.996535
0.632365
0.901602
0.983524
0.836380
0.365975
0.128776
0.609603
0.879625
0.965743
0.764129
0.988833
0.399170
0.740419
0.675695
0.450041
0.843991
0.132751
0.950250
0.012632
0.330235
0.310667
0.145145
0.398666
0.270975
0.873697
0.100680
0.144562
0.863397
0.018380
0.781782
0.906143
0.652152
0.006402
0.117726
0.550805
0.887630
0.279220
0.308654
0.130534
0.897916
0.062922
0.567639
0.329545
0.193152
0.807066
0.767049
0.480266
0.521084
0.301263
0.957954
0.741445
0.592521
0.813232
0.231333
0.532104
0.695477
0.092102
0.889831
0.815111
0.916725
0.580689
0.398800
0.324113
0.189526
0.680509
0.085404
0.327564
0.886282
0.413281
0.054510
0.023633
0.174857
0.322659
0.290124
0.159704
0.857327
0.959946
0.411135
0.970245
0.909890
0.797554
0.050097
0.026782
0.442711
0.913932
0.323807
0.093738
0.298429
0.293744
0.364435
0.583872
0.008091
0.087019
0.379952
0.707084
0.323258
0.671043
0.212596
0.906331
0.043027
0.858734
0.864145
0.674397
0.354735
0.097248
0.956729
0.345276
0.407074
0.000573
0.597945
0.953911
0.334385
0.059858
0.619015
0.758049
0.450873
0.875219
0.654742
0.515944
0.833492
0.752792
0.034015
0.113685
0.012251
0.010759
0.949603
0.635868
0.986697
0.838112
0.876011
0.473385
0.287311
0.049905
0.704113
0.562075
0.300587
0.582735
0.561350
0.345978
0.576524
0.074211
0.786217
0.558952
0.337292
0.370156
0.025790
0.418398
0.905826
0.303293
0.925068
0.324844
0.273079
0.587167
0.376840
0.661144
0.522711
0.169048
0.800869
0.785025
0.331942
0.885573
0.421106
0.808755
0.267325
0.764870
0.009716
0.259665
0.094200
0.818914
0.066636
0.215278
0.818558
0.669872
0.903442
0.006803
0.680088
0.854181
0.600258
0.084734
0.815138
0.148105
0.304462
0.140311
0.808352
0.758537
0.839934
0.076589
0.851727
0.722773
0.095614
0.922865
0.729844
0.361033
0.162093
0.286221
0.350014
0.125455
0.685007
0.433915
0.036111
0.689330
0.403981
0.600391
0.304807
0.620322
0.345861
0.612649
0.342995
0.481416
0.641003
0.427712
0.905127
0.703358
0.431351
0.675968
0.849223
0.072323
0.839067
0.804112
0.030305
0.176575
0.464454
0.911450
0.770001
0.655850
0.381928
0.873312
0.621071
0.597237
0.102789
0.845322
0.645608
0.921279
0.473532
0.742285
0.925652
0.102073
0.978463
0.785425
0.524990
0.065093
0.415357
0.711735
0.620862
0.606501
0.412914
0.739188
0.024354
0.177695
0.758761
0.881556
0.808200
0.378841
0.006754
0.706590
0.260764
0.005132
0.332322
0.131306
0.884939
0.989541
0.104614
0.348135
0.660727
0.085805
0.144186
0.475677
0.290224
0.635389
0.134989
0.027818
0.643796
0.262193
0.159405
0.794959
0.126162
0.838736
0.825077
0.231094
0.181158
0.567574
0.952287
0.940512
0.653919
0.521711
0.290629
0.357845
0.229231
0.487735
0.233734
0.215235
0.664812
0.455445
0.000786
0.890352
0.038255
0.597703
0.253589
0.229033
0.726403
0.084284
0.617929
0.936263
0.335888
0.573451
0.077982
0.129286
0.303594
0.725014
0.712520
0.146559
0.385796
0.578627
0.741667
0.206321
0.754717
0.141072
0.352944
0.008526
0.921254
0.026268
0.275371
0.873876
0.202632
0.491773
0.570357
0.513722
0.953731
0.715517
0.608139
0.024569
0.280821
0.656522
0.698524
0.200945
0.456490
0.343348
0.344671
0.760373
0.754476
0.934036
0.588669
0.574207
0.923181
0.391277
0.417672
0.498077
0.016600
0.116564
0.699316
0.895693
0.801430
0.387087
0.615195
0.449759
0.459094
0.939102
0.061129
0.353741
0.801440
0.541544
0.982980
0.478254
0.718858
0.903615
0.116763
0.605801
0.079578
0.760116
0.101805
0.327622
0.798878
0.478254
0.435703
0.696409
0.296974
0.029692
0.239824
0.228620
0.064324
0.671576
0.304108
0.350158
0.553110
0.180300
0.379912
0.879163
0.113641
0.981759
0.189656
0.639658
0.194420
0.021828
0.122011
0.799803
0.524645
0.720829
0.081387
0.028514
0.497876
0.855739
0.460470
0.064189
0.475618
0.713869
0.704549
0.789291
0.229588
0.361793
0.436394
0.404542
0.241395
0.373245
0.610436
0.796480
0.078394
0.859765
0.664983
0.692118
0.564465
0.147820
0.141240
0.694471
0.964458
0.946163
0.737876
0.792683
0.901064
0.347176
0.269886
0.440522
0.222858
0.505947
0.500499
0.796977
0.542263
0.340832
0.314884
0.222723
0.662184
0.099249
0.204404
0.626185
0.610068
0.132461
0.530166
0.752969
0.498131
0.723088
0.534616
0.012403
0.928511
0.309110
0.569934
0.934929
0.162091
0.948095
0.511974
0.854112
0.769744
0.365420
0.828501
0.907009
0.984749
0.430225
0.270476
0.946641
0.475133
0.402844
0.655137
0.460330
0.754676
0.797480
0.709626
0.087641
0.951350
0.203862
0.443913
0.831688
0.151921
0.911628
0.021770
0.557547
0.041472
0.681206
0.598540
0.871528
0.056607
0.504919
0.094449
0.975056
0.771067
0.702076
0.372221
0.586912
0.732524
0.191804
0.787735
0.527586
0.469295
0.287356
0.582485
0.059484
0.885724
0.855657
0.086580
0.576751
0.764997
0.185837
0.201041
0.738446
0.598112
0.410492
0.128155
0.638830
0.457790
0.823434
0.818612
0.108518
0.136042
0.937679
0.104199
0.740231
0.264164
0.627405
0.984786
0.732915
0.633908
0.197666
0.038360
0.147964
0.438568
0.725569
0.422857
0.671309
0.652742
0.516699
0.438538
0.475108
0.269514
0.020525
0.119666
0.272803
0.613806
0.048536
0.824229
0.161281
0.450660
0.638871
0.290452
0.343896
0.107183
0.411170
0.128871
0.328105
0.326915
0.755423
0.218688
0.691454
0.075374
0.698545
0.977185
0.009682
0.015521
0.792435
0.970929
0.040678
0.871891
0.867276
0.837521
0.758054
0.402157
0.993814
0.986654
0.328071
0.194851
0.498370
0.049201
0.623679
0.012025
0.374342
0.543113
0.369411
0.895568
0.933938
0.724860
0.510895
0.755951
0.043893
0.095166
0.902716
0.662148
0.788922
0.527794
0.908392
0.551471
0.906655
0.490129
0.006213
0.578084
0.837809
0.324302
0.994679
0.818931
0.735343
0.057620
0.891310
0.555847
0.276349
0.711030
0.118553
0.852578
0.620423
0.574397
0.070560
0.645483
0.358277
0.417313
0.654567
0.066654
0.794329
0.104210
0.900634
0.218204
0.407030
0.582521
0.233500
0.116488
0.830679
0.712636
0.500288
0.024982
0.202466
0.908402
0.347826
0.894594
0.218501
0.056928
0.043329
0.130144
0.742581
0.686426
0.332183
0.401763
0.311441
0.850858
0.426591
0.719967
0.380232
0.700127
0.718837
0.493153
0.651993
0.204561
0.312896
0.786267
0.334852
0.002450
0.968159
0.499389
0.670710
0.839376
0.549025
0.684997
0.579168
0.568092
0.574087
0.722651
0.760426
0.177694
0.958691
0.569842
0.100925
0.820846
0.544598
0.807772
0.725472
0.307798
0.510503
0.700805
0.539599
0.035948
0.257174
0.988331
0.605901
0.823709
0.860935
0.627811
0.198119
0.617415
0.689275
0.207742
0.876698
0.540028
0.272298
0.249293
0.429585
0.250393
0.023803
0.115357
0.022007
0.081784
0.905706
0.745789
0.398986
0.928501
0.629577
0.937550
0.484342
0.349270
0.489043
0.388535
0.219921
0.856173
0.416793
0.223817
0.988815
0.857894
0.359939
0.223061
0.466314
0.226000
0.567500
0.467867
0.242344
0.953020
0.883730
0.627780
0.059137
0.871078
0.641067
0.603719
0.007882
0.899812
0.246433
0.747585
0.528124
0.792349
0.054650
0.376789
0.553628
0.848076
0.622710
0.802445
0.648495
0.560947
0.938661
0.589993
0.477249
0.672106
0.718842
0.270992
0.452670
0.595538
0.367240
0.224832
0.905100
0.685529
0.690694
0.949121
0.616993
0.314667
0.963719
0.437491
0.066441
0.231144
0.436684
0.883581
0.223444
0.164100
0.881095
0.429933
0.242655
0.145769
0.265752
0.180570
0.896364
0.519169
0.157496
0.195989
0.091467
0.100086
0.940331
0.689328
0.314169
0.462115
0.446649
0.142454
0.346167
0.813482
0.094313
0.560728
0.096074
0.434432
0.123353
0.585182
0.889822
0.143894
0.026018
0.680876
0.063805
0.764211
0.763943
0.120176
0.204499
0.052652
0.866166
0.979699
0.878324
0.068483
0.001763
0.869687
0.195483
0.444324
0.120840
0.614543
0.051544
0.530563
0.757631
0.603303
0.390496
0.881559
0.589460
0.028763
0.333049
0.052395
0.845309
0.734045
0.513914
0.174929
0.657748
0.885319
0.471814
0.281892
0.951973
0.189460
0.435987
0.847778
0.965701
0.875369
0.352920
0.515287
0.993680
0.157717
0.497060
0.476060
0.450555
0.401863
0.509276
0.474467
0.845840
0.708696
0.206788
0.903185
0.764757
0.138139
0.008339
0.959326
0.448679
0.290087
0.318355
0.329864
0.068933
0.461510
0.713828
0.375103
0.287713
0.098479
0.277696
0.278950
0.199855
0.761866
0.922446
0.134727
0.249214
0.325460
0.047713
0.435285
0.213412
0.625263
0.375599
0.936161
0.850681
0.278702
0.307494
0.360540
0.302579
0.892516
0.646114
0.914749
0.846306
0.378063
0.026534
0.083063
0.090383
0.592798
0.899955
0.670552
0.207443
0.026677
0.413950
0.562720
0.297875
0.752228
0.032948
0.170699
0.478082
0.357046
0.242703
0.030737
0.787096
0.077465
0.182495
0.526729
0.505308
0.852139
0.548816
0.204550
0.979048
0.514309
0.614292
0.646933
0.544780
0.841481
0.705590
0.377642
0.646660
0.681284
0.984052
0.763697
0.741193
0.872246
0.872827
0.384390
0.082760
0.178241
0.974221
0.835851
0.983749
0.955358
0.821046
0.439909
0.643043
0.769946
0.305696
0.826005
0.136625
0.686576
0.130704
0.854894
0.664037
0.444678
0.124545
0.852901
0.644445
0.242594
0.766411
0.625467
0.756073
0.347816
0.763727
0.218749
0.512742
0.252131
0.026152
0.898015
0.471259
0.590443
0.879809
0.311578
0.663433
0.542025
0.865505
0.309040
0.346438
0.932930
0.964684
0.382573
0.665287
0.758332
0.596860
0.200000
0.321169
0.343535
0.232292
0.198423
0.839391
0.862410
0.963636
0.707151
0.530684
0.431995
0.880337
0.568666
0.739618
0.502024
0.589502
0.726395
0.473868
0.758122
0.727007
0.748027
0.008101
0.257429
0.802594
0.753120
0.556218
0.015392
0.222692
0.713766
0.605698
0.762473
0.834735
0.597044
0.007817
0.089544
0.836703
0.318023
0.417460
0.700685
0.395654
0.972062
0.176303
0.992170
0.818989
0.315157
0.233102
0.676368
0.622202
0.961085
0.194836
0.669313
0.336861
0.264094
0.102470
0.960700
0.402575
0.355889
0.025066
0.685055
0.986703
0.305669
0.066012
0.112820
0.075530
0.871955
0.875105
0.780115
0.680698
0.814970
0.260244
0.475923
0.504603
0.238313
0.992491
0.305441
0.908541
0.928681
0.398222
0.548358
0.527330
0.162387
0.832161
0.530805
0.374164
0.947426
0.625006
0.229720
0.779464
0.169838
0.599420
0.828395
0.007448
0.613116
0.748133
0.941939
0.894197
0.319410
0.167904
0.731411
0.350946
0.261286
0.843086
0.625381
0.076372
0.792770
0.372557
0.867657
0.321601
0.848446
0.233758
0.609937
0.051710
0.359353
0.677592
0.768134
0.347463
0.854420
0.847926
0.361118
0.391024
0.716208
0.219464
0.550636
0.879411
0.059690
0.947717
0.101150
0.209436
0.702838
0.224840
0.478345
0.277869
0.197744
0.235076
0.305065
0.240600
0.391049
0.803563
0.393417
0.074525
0.482413
0.332239
0.071797
0.285921
0.049787
0.116625
0.025587
0.609052
0.010222
0.637197
0.370276
0.038767
0.984987
0.919134
0.175754
0.040824
0.037727
0.554166
0.160521
0.283698
0.254416
0.478283
0.774577
0.735635
0.133864
0.099057
0.389730
0.470676
0.257514
0.866319
0.816072
0.027422
0.207290
0.879945
0.863383
0.664286
0.200240
0.628510
0.166202
0.354976
0.408728
0.452536
0.991326
0.867959
0.434917
0.826116
0.246472
0.773668
0.908309
0.050636
0.408870
0.723186
0.675071
0.454358
0.592521
0.842165
0.547918
0.691621
0.472883
0.583737
0.085281
0.235385
0.287722
0.884148
0.368536
0.656905
0.632887
0.964883
0.246017
0.786243
0.271766
0.625030
0.012585
0.347409
0.677146
0.367613
0.993487
0.161845
0.524264
0.203678
0.001270
0.514030
0.853765
0.477849
0.134482
0.772938
0.123339
0.559129
0.886927
0.863108
0.866780
0.740673
0.036215
0.679073
0.179214
0.192311
0.280359
0.036897
0.747254
0.309538
0.091169
0.256575
0.642815
0.302758
0.753189
0.969034
0.599370
0.370491
0.056939
0.241507
0.989357
0.300334
0.615196
0.615003
0.221525
0.841390
0.271076
0.147645
0.776942
0.691946
0.566663
0.057612
0.602425
0.446123
0.740931
0.059443
0.080150
0.343268
0.225720
0.987453
0.292175
0.163828
0.108499
0.800001
0.798637
0.115456
0.530687
0.558377
0.648376
0.053109
0.490261
0.474037
0.840724
0.876869
0.017419
0.617960
0.957219
0.451259
0.192031
0.385853
0.181993
0.889786
0.971647
0.312973
0.429576
0.548475
0.298795
0.332305
0.798879
0.572127
0.456326
0.069849
0.072095
0.337077
0.139560
0.270771
0.477270
0.634169
0.213975
0.950154
0.433297
0.935729
0.627195
0.362121
0.496090
0.590266
0.444023
0.381054
0.224664
0.288658
0.473274
0.388684
0.185903
0.645570
0.455151
0.260784
0.816737
0.239867
0.277922
0.547219
0.362501
0.957746
0.192638
0.439117
0.610208
0.982362
0.494655
0.616882
0.635499
0.273691
0.640701
0.572834
0.282013
0.882366
0.270231
0.502194
0.591930
0.941258
0.099844
0.356190
0.906430
0.678537
0.159484
0.151012
0.854836
0.295967
0.339197
0.126386
0.951165
0.056189
0.715176
0.847498
0.016865
0.422731
0.623863
0.844035
0.148456
0.596511
0.952837
0.880083
0.448863
0.292568
0.617259
0.448632
0.241155
0.100783
0.690608
0.584442
0.983467
0.274326
0.158463
0.589022
0.603833
0.289598
0.764088
0.761460
0.473702
0.021398
0.914555
0.728871
0.738866
0.877079
0.116174
0.470200
0.226570
0.733440
0.907961
0.627132
0.647532
0.020098
0.761908
0.195871
0.311647
0.793094
0.918798
0.193515
0.076104
0.142493
0.628318
0.392801
0.744678
0.777703
0.762217
0.718955
0.636944
0.134292
0.269264
0.402401
0.546164
0.846031
0.440748
0.481081
0.804596
0.925926
0.455280
0.746136
0.674967
0.499981
0.171641
0.724688
0.786881
0.437449
0.638420
0.793495
0.836891
0.721315
0.289212
0.017200
0.270991
0.902761
0.292099
0.804955
0.168285
0.483372
0.022188
0.979142
0.044579
0.568821
0.125939
0.349957
0.794635
0.637788
0.146046
0.389609
0.491859
0.769868
0.175610
0.099868
0.264154
0.176211
0.510361
0.666733
0.964695
0.376642
0.767677
0.995952
0.856379
0.867025
0.441150
0.723154
0.028695
0.620600
0.359444
0.792341
0.765765
0.267065
0.018210
0.196488
0.584308
0.293134
0.253791
0.974002
0.160276
0.108337
0.227471
0.054794
0.862913
0.319794
0.189029
0.049705
0.114982
0.059737
0.988332
0.577045
0.297918
0.709502
0.803732
0.219991
0.420651
0.863769
0.056006
0.708594
0.270850
0.878773
0.976591
0.420145
0.267342
0.848264
0.798868
0.791648
0.732449
0.350935
0.041249
0.738160
0.803000
0.813099
0.850796
0.670730
0.698763
0.830343
0.876152
0.207708
0.567051
0.291917
0.638511
0.173153
0.622244
0.651606
0.869387
0.976110
0.798992
0.188842
0.783928
0.964487
0.637834
0.603795
0.758531
0.847301
0.621989
0.790201
0.381496
0.779025
0.684069
0.129673
0.345489
0.199802
0.101468
0.151244
0.150540
0.025258
0.499165
0.899904
0.086344
0.279688
0.178709
0.857858
0.462608
0.766338
0.492115
0.762279
0.556195
0.868556
0.479440
0.163289
0.243813
0.075548
0.488780
0.065929
0.789004
0.326495
0.997433
0.499860
0.752177
0.766775
0.352989
0.360550
0.492440
0.010052
0.653093
0.365692
0.229976
0.499970
0.482625
0.470615
0.137721
0.065205
0.727056
0.586418
0.431082
0.261628
0.180724
0.944597
0.924458
0.595328
0.168782
0.951905
0.023306
0.220246
0.901568
0.879189
0.620501
0.204163
0.780147
0.227973
0.865746
0.956800
0.371775
0.118517
0.276779
0.913783
0.274036
0.543112
0.161126
0.070208
0.586398
0.828364
0.817148
0.457570
0.207943
0.150204
0.483141
0.157802
0.680016
0.445388
0.503230
0.948174
0.792555
0.563235
0.678804
0.170797
0.672828
0.001338
0.274261
0.920490
0.575355
0.069021
0.645786
0.144756
0.091746
0.822275
0.961934
0.749619
0.999211
0.613925
0.984760
0.305063
0.466491
0.602791
0.380239
0.443843
0.835968
0.065573
0.526745
0.547391
0.700684
0.855227
0.290313
0.812592
0.495046
0.849573
0.735455
0.293167
0.317942
0.733890
0.240276
0.009412
0.207034
0.961238
0.984632
0.720047
0.582971
0.234276
0.280083
0.449931
0.082278
0.352301
0.710400
0.367378
0.497659
0.767284
0.551362
0.104835
0.044481
0.692633
0.438603
0.116673
0.672171
0.108440
0.752259
0.167830
0.639293
0.506966
0.687153
0.547074
0.071041
0.722109
0.477285
0.098614
0.717907
0.686606
0.743367
0.665827
0.634268
0.460720
0.432153
0.040844
0.995651
0.376159
0.316318
0.013744
0.773409
0.638982
0.523629
0.615107
0.485582
0.235242
0.064174
0.145677
0.742670
0.483103
0.824372
0.086886
0.807082
0.075206
0.996545
0.485984
0.885005
0.955008
0.412778
0.909532
0.369449
0.870857
0.751825
0.559000
0.753206
0.951559
0.087822
0.642230
0.430490
0.147169
0.749534
0.594503
0.105995
0.878774
0.958908
0.242968
0.030120
0.741006
0.217666
0.508183
0.779125
0.601043
0.910705
0.736508
0.798950
0.937841
0.095029
0.257115
0.431466
0.765351
0.942995
0.257352
0.641884
0.983474
0.808591
0.570221
0.166101
0.500494
0.385519
0.467712
0.296709
0.970751
0.925822
0.053746
0.026425
0.491297
0.987812
0.350480
0.767696
0.101283
0.682039
0.671720
0.367229
0.427836
0.884059
0.377194
0.634186
0.322164
0.382751
0.601432
0.100803
0.829652
0.432928
0.051009
0.234187
0.337689
0.680998
0.463894
0.818024
0.244976
0.932419
0.824664
0.722970
0.996076
0.729702
0.929316
0.784453
0.824942
0.209708
0.393453
0.006658
0.051181
0.209002
0.697568
0.811426
0.272808
0.085988
0.363192
0.550824
0.299220
0.228606
0.853653
0.002149
0.168175
0.716316
0.293188
0.064083
0.090485
0.105131
0.598174
0.372793
0.666207
0.804453
0.114208
0.056684
0.216063
0.014445
0.352804
0.348586
0.571846
0.692711
0.921448
0.274107
0.169557
0.519013
0.240755
0.134908
0.789034
0.326795
0.142500
0.005654
0.783805
0.970243
0.942244
0.963383
0.144932
0.095649
0.080325
0.268046
0.242593
0.785823
0.924964
0.212975
0.589136
0.546296
0.831217
0.864013
0.467382
0.602073
0.049553
0.406079
0.767898
0.973685
0.577774
0.315891
0.879019
0.301282
0.550061
0.079619
0.973342
0.885532
0.256867
0.674212
0.534463
0.914056
0.389422
0.531137
0.467689
0.342168
0.602607
0.201301
0.638497
0.396659
0.989919
0.439889
0.182467
0.171377
0.564315
0.929871
0.430452
0.283358
0.338653
0.362939
0.792737
0.058246
0.099494
0.096611
0.445923
0.213768
0.468016
0.106253
0.166308
0.510002
0.341789
0.450784
0.153489
0.335193
0.311155
0.970791
0.187958
0.695862
0.143967
0.437823
0.966429
0.579971
0.932443
0.873603
0.958649
0.161874
0.995875
0.257918
0.629445
0.817821
0.132947
0.343921
0.369751
0.420759
0.317416
0.799615
0.980378
0.883179
0.430898
0.394253
0.052257
0.416757
0.126517
0.448409
0.086928
0.477549
0.417158
0.266477
0.701002
0.865473
0.082092
0.770336
0.758371
0.946845
0.485691
0.052937
0.773884
0.468714
0.902019
0.070567
0.432279
0.933733
0.939027
0.192531
0.566080
0.004339
0.156103
0.827005
0.436240
0.904974
0.468737
0.841812
0.659266
0.291101
0.434046
0.998873
0.624575
0.553772
0.010900
0.121076
0.745837
0.028490
0.888417
0.210315
0.390055
0.077115
0.976566
0.235458
0.828123
0.511575
0.152621
0.808981
0.050625
0.328116
0.857234
0.471025
0.792611
0.220853
0.633863
0.799629
0.611118
0.843363
0.205313
0.065874
0.359161
0.287087
0.181126
0.652714
0.899975
0.745259
0.989595
0.956217
0.405225
0.831153
0.128128
0.987983
0.080965
0.519363
0.325723
0.397484
0.665068
0.178885
0.711303
0.133070
0.539903
0.666742
0.581660
0.460409
0.803985
0.950914
0.862759
0.557086
0.146368
0.231305
0.858153
0.402132
0.867518
0.027516
0.378254
0.179218
0.890423
0.202154
0.844212
0.912283
0.105680
0.388453
0.460161
0.552317
0.894332
0.790925
0.047567
0.234084
0.172169
0.827821
0.635439
0.921498
0.799282
0.584132
0.400146
0.160439
0.698588
0.543888
0.048600
0.157728
0.527098
0.570508
0.238539
0.905029
0.243664
0.603941
0.129679
0.566423
0.416963
0.043356
0.659467
0.848403
0.617466
0.284131
0.637201
0.571041
0.737139
0.377885
0.250252
0.159076
0.580628
0.284312
0.076152
0.271676
0.571683
0.683557
0.194286
0.289620
0.918560
0.817891
0.490947
0.878652
0.082165
0.331432
0.751499
0.347758
0.890673
0.576666
0.633398
0.021115
0.144391
0.356510
0.113826
0.342459
0.054597
0.570675
0.505683
0.930628
0.360119
0.735075
0.635681
0.305029
0.465396
0.843034
0.278315
0.499767
0.443775
0.537039
0.439420
0.285209
0.249790
0.059787
0.583110
0.215709
0.984177
0.953285
0.395812
0.222264
0.555374
0.974743
0.181160
0.968832
0.581252
0.198013
0.479508
0.691081
0.874836
0.769327
0.005793
0.736305
0.357753
0.286081
0.499510
0.523261
0.745173
0.267417
0.580550
0.140682
0.845978
0.685349
0.204640
0.303210
0.821916
0.025192
0.812151
0.883499
0.249492
0.844027
0.764007
0.739239
0.328341
0.295975
0.158462
0.053861
0.079841
0.593012
0.622478
0.909651
0.879696
0.870076
0.171466
0.312045
0.168274
0.423236
0.731143
0.383840
0.682412
0.789636
0.415232
0.948084
0.052463
0.638010
0.152789
0.218381
0.108327
0.938471
0.758879
0.815370
0.738216
0.380366
0.042365
0.828127
0.643902
0.506915
0.044553
0.139239
0.836201
0.535402
0.002453
0.732300
0.214442
0.331664
0.130389
0.200573
0.073665
0.507624
0.813733
0.175585
0.883313
0.110621
0.308482
0.894385
0.181148
0.873292
0.540457
0.624227
0.926161
0.492740
0.097856
0.163423
0.154207
0.907762
0.010914
0.137121
0.280131
0.042865
0.412431
0.306754
0.890130
0.987831
0.672900
0.611907
0.368087
0.081580
0.103997
0.163363
0.199658
0.869079
0.824185
0.906064
0.297828
0.400049
0.880174
0.170747
0.193705
0.838216
0.217987
0.833004
0.436308
0.849863
0.597391
0.298507
0.045072
0.740423
0.043434
0.033165
0.358856
0.807877
0.928844
0.856941
0.125170
0.881694
0.281035
0.720104
0.173395
0.516064
0.407474
0.180641
0.515736
0.806186
0.433154
0.301595
0.219657
0.296348
0.843932
0.187082
0.895553
0.948555
0.629470
0.875717
0.143405
0.640455
0.119545
0.810222
0.802170
0.161308
0.107453
0.601951
0.345653
0.174756
0.354289
0.309089
0.268618
0.117139
0.067827
0.947273
0.806879
0.500107
0.449758
0.451380
0.835130
0.586277
0.905044
0.807248
0.286252
0.906695
0.007127
0.572053
0.935862
0.588830
0.812749
0.502123
0.895842
0.963883
0.620129
0.506917
0.660607
0.422127
0.764251
0.647924
0.049847
0.985053
0.543016
0.401235
0.891517
0.563062
0.867991
0.902543
0.788804
0.367448
0.733533
0.393306
0.814824
0.445438
0.098009
0.586839
0.478814
0.807018
0.270884
0.173070
0.807551
0.112312
0.399415
0.180728
0.885758
0.388261
0.148703
0.415693
0.699240
0.743338
0.168858
0.694276
0.624515
0.549072
0.443021
0.090165
0.408664
0.057109
0.109994
0.913795
0.983182
0.920579
0.855234
0.642893
0.955549
0.588502
0.463953
0.522938
0.122294
0.041995
0.630075
0.056297
0.847292
0.841023
0.614810
0.098786
0.649040
0.950455
0.848578
0.782398
0.840678
0.314151
0.070053
0.982951
0.566483
0.645864
0.096053
0.551416
0.078603
0.405677
0.816053
0.027661
0.597778
0.430739
0.505048
0.055366
0.601789
0.189053
0.048530
0.216862
0.885394
0.125053
0.173323
0.506645
0.235503
0.065735
0.278025
0.162305
0.065328
0.156079
0.956815
0.071632
0.851278
0.292524
0.810365
0.474642
0.716327
0.523233
0.637610
0.179277
0.003629
0.383912
0.602135
0.009522
0.184105
0.637919
0.466910
0.704699
0.941775
0.389425
0.491146
0.988681
0.780564
0.038371
0.083001
0.027777
0.996354
0.045968
0.801903
0.996040
0.358010
0.979499
0.804224
0.966745
0.341146
0.805166
0.326073
0.848793
0.258374
0.897731
0.296941
0.586783
0.129787
0.735711
0.677957
0.343507
0.637427
0.750858
0.618506
0.883617
0.007490
0.300702
0.024954
0.877213
0.164006
0.232876
0.635233
0.342105
0.997767
0.009994
0.193035
0.943496
0.094225
0.863830
0.815365
0.369836
0.764141
0.947536
0.147207
0.503597
0.720699
0.954662
0.397042
0.605723
0.246871
0.173720
0.846985
0.232499
0.196758
0.447048
0.931270
0.103594
0.674667
0.002718
0.476858
0.640025
0.735671
0.628245
0.199891
0.390790
0.951409
0.154835
0.051763
0.066931
0.184862
0.720938
0.508549
0.401756
0.417870
0.783844
0.397546
0.555997
0.975129
0.348078
0.354663
0.286632
0.988427
0.379336
0.506436
0.598127
0.444861
0.872727
0.470390
0.094856
0.662787
0.544058
0.267514
0.753437
0.539260
0.612907
0.240599
0.333746
0.412702
