0.513864
0.520587
0.003837
0.859573
0.840859
0.655162
0.212565
0.623958
0.124819
0.868053
0.709717
0.564062
0.104506
0.070259
0.339907
0.745743
0.777871
0.845902
0.302882
0.241238
0.197458
0.901940
0.921589
0.598401
0.367384
0.588183
0.074302
0.692753
0.866864
0.612624
0.915817
0.087344
0.825318
0.077088
0.512702
0.025432
0.874029
0.958184
0.017615
0.180970
0.699359
0.158580
0.007684
0.291904
0.822545
0.253578
0.611947
0.801291
0.231037
0.058016
0.052855
0.631222
0.486414
0.138469
0.226842
0.214559
0.933856
0.395772
0.948949
0.909490
0.638175
0.842852
0.486522
0.921888
0.671418
0.702871
0.006957
0.860488
0.377023
0.952682
0.564526
0.049878
0.235547
0.436602
0.251247
0.726297
0.956943
0.675491
0.136833
0.241247
0.424415
0.496150
0.622690
0.397922
0.114825
0.606023
0.834989
0.045447
0.620667
0.238221
0.681789
0.055922
0.898599
0.991851
0.199232
0.809295
0.869545
0.992663
0.811797
0.311030
0.995352
0.499005
0.131615
0.067598
0.457014
0.078095
0.921849
0.844779
0.559457
0.477600
0.849135
0.433773
0.987887
0.317532
0.650083
0.550128
0.540698
0.727454
0.336851
0.990477
0.963949
0.054004
0.066766
0.172089
0.512393
0.763720
0.301018
0.180231
0.862083
0.666191
0.877417
0.448347
0.999522
0.582507
0.622205
0.196043
0.712394
0.584038
0.125938
0.749890
0.306846
0.926506
0.308423
0.872035
0.176336
0.804387
0.397730
0.221629
0.847042
0.050615
0.948249
0.074066
0.124835
0.906600
0.522826
0.423029
0.968817
0.987563
0.663951
0.590360
0.716414
0.568181
0.779013
0.468729
0.285040
0.313539
0.564616
0.522128
0.975319
0.580405
0.594956
0.669168
0.500868
0.413811
0.699268
0.174195
0.869645
0.363943
0.753324
0.671214
0.741863
0.248355
0.510002
0.445625
0.889458
0.984483
0.093915
0.098781
0.382126
0.617480
0.785101
0.720344
0.124921
0.668359
0.716780
0.693464
0.372416
0.927451
0.112167
0.257766
0.844423
0.818175
0.685351
0.955154
0.068279
0.456116
0.831240
0.083419
0.572697
0.528426
0.229562
0.282671
0.558170
0.118528
0.487931
0.379571
0.668950
0.601132
0.448977
0.614385
0.491579
0.732574
0.786538
0.375849
0.404988
0.061454
0.515913
0.568841
0.407157
0.784597
0.043179
0.739872
0.543338
0.173322
0.378567
0.085385
0.560839
0.695023
0.138910
0.467871
0.415374
0.955063
0.964139
0.564790
0.253971
0.583984
0.972856
0.275315
0.499446
0.195022
0.881958
0.509879
0.661435
0.536945
0.415333
0.487538
0.498997
0.967190
0.626608
0.666150
0.159771
0.370327
0.760972
0.430359
0.920697
0.646824
0.281050
0.662402
0.155305
0.897133
0.681847
0.320714
0.152560
0.426080
0.719750
0.151361
0.412274
0.692575
0.680598
0.657274
0.042076
0.329631
0.311804
0.450302
0.880950
0.359695
0.043555
0.111075
0.974331
0.730294
0.124060
0.681679
0.025764
0.294992
0.293867
0.916142
0.450132
0.364658
0.624245
0.413742
0.653434
0.954048
0.144622
0.760112
0.164137
0.848704
0.884091
0.801171
0.241086
0.617153
0.951976
0.174860
0.582975
0.693434
0.282459
0.225695
0.764383
0.654926
0.668275
0.427126
0.023372
0.820494
0.708463
0.436718
0.025646
0.293945
0.295184
0.909135
0.230277
0.577799
0.264597
0.191946
0.481985
0.882370
0.836805
0.029230
0.454988
0.255161
0.469857
0.398011
0.573415
0.655569
0.752811
0.602488
0.033274
0.099908
0.962869
0.751094
0.550991
0.001739
0.911564
0.741352
0.463503
0.832515
0.705015
0.877555
0.804924
0.227537
0.043243
0.246252
0.984764
0.662225
0.683552
0.974551
0.692714
0.823700
0.692967
0.496232
0.654996
0.802678
0.114743
0.950668
0.867269
0.230674
0.673924
0.839572
0.929108
0.487530
0.146980
0.066541
0.105032
0.104236
0.020492
0.484420
0.737108
0.486084
0.063909
0.075480
0.634106
0.081119
0.441364
0.889407
0.062227
0.118912
0.987554
0.864098
0.962381
0.044640
0.272678
0.654281
0.019043
0.773481
0.081444
0.592933
0.205656
0.890322
0.931135
0.910526
0.431608
0.919776
0.253736
0.337073
0.915764
0.791519
0.867128
0.211992
0.911569
0.625928
0.360341
0.226782
0.408700
0.965044
0.017869
0.925513
0.436297
0.573837
0.908050
0.088126
0.592743
0.936791
0.760508
0.121542
0.427013
0.574797
0.257656
0.583594
0.296583
0.307361
0.365263
0.964764
0.326907
0.585123
0.327083
0.852730
0.097445
0.017688
0.948544
0.604732
0.679268
0.221773
0.794507
0.652750
0.649213
0.114662
0.926077
0.566486
0.705609
0.777976
0.801484
0.999172
0.510558
0.016755
0.966027
0.641178
0.383788
0.738853
0.156074
0.306441
0.473059
0.279646
0.442130
0.276700
0.026138
0.797048
0.035966
0.028551
0.389333
0.861847
0.386810
0.468306
0.357589
0.368346
0.191602
0.799672
0.501154
0.890325
0.944308
0.149239
0.093793
0.607305
0.649302
0.074777
0.267583
0.926133
0.323807
0.081355
0.019251
0.922875
0.914394
0.270262
0.693091
0.730026
0.252556
0.245748
0.565435
0.994026
0.674331
0.404575
0.155685
0.528095
0.928996
0.733377
0.888915
0.285374
0.001820
0.238839
0.735029
0.777386
0.475883
0.135686
0.449485
0.062802
0.057950
0.917480
0.040576
0.431527
0.893416
0.435235
0.088285
0.909090
0.295310
0.108846
0.539687
0.706354
0.512360
0.396322
0.605929
0.739536
0.161122
0.645840
0.385759
0.345535
0.947171
0.455608
0.840628
0.317582
0.300358
0.666539
0.746348
0.386194
0.549122
0.112741
0.246315
0.270443
0.258872
0.254819
0.631296
0.424538
0.359426
0.820984
0.970773
0.604724
0.686519
0.580983
0.220855
0.381481
0.562364
0.377837
0.433754
0.722052
0.040286
0.542387
0.693813
0.768268
0.438408
0.815664
0.405111
0.934699
0.787411
0.904060
0.555617
0.452103
0.817346
0.792318
0.582918
0.481204
0.108513
0.939333
0.466499
0.921769
0.031407
0.481764
0.671597
0.042004
0.100715
0.570462
0.569603
0.053259
0.368388
0.964706
0.960042
0.755052
0.480767
0.009254
0.319105
0.375397
0.024775
0.119210
0.399747
0.731449
0.788174
0.897693
0.808345
0.835463
0.558874
0.011332
0.182925
0.071062
0.088320
0.948562
0.597945
0.064820
0.843929
0.785741
0.820640
0.378156
0.175593
0.086071
0.043938
0.144539
0.521251
0.056343
0.720927
0.777012
0.276510
0.086481
0.125893
0.871021
0.953344
0.796909
0.266918
0.427559
0.252842
0.718726
0.775039
0.521626
0.677027
0.731696
0.394970
0.540994
0.304737
0.385045
0.702389
0.120294
0.356562
0.226078
0.672785
0.895407
0.173850
0.261600
0.726868
0.203173
0.236774
0.677163
0.877540
0.851410
0.846462
0.939105
0.603434
0.084244
0.096184
0.404424
0.074008
0.867757
0.756611
0.563449
0.351207
0.620943
0.700126
0.040325
0.192686
0.516976
0.489210
0.476321
0.081592
0.479791
0.753877
0.420939
0.107916
0.000983
0.983180
0.355838
0.326401
0.902012
0.355779
0.976579
0.216016
0.166720
0.234567
0.857167
0.865987
0.969166
0.950366
0.622422
0.513400
0.021769
0.499675
0.753149
0.057358
0.368767
0.781491
0.149132
0.174704
0.749984
0.998184
0.574929
0.662309
0.659913
0.845443
0.113488
0.630914
0.227112
0.116278
0.752574
0.175546
0.038908
0.344083
0.229005
0.147486
0.036421
0.109771
0.255705
0.652809
0.604889
0.637961
0.256564
0.902475
0.984321
0.307231
0.734117
0.038998
0.125449
0.699441
0.395032
0.564659
0.115996
0.813104
0.158407
0.996299
0.302262
0.065833
0.171890
0.371663
0.231019
0.710840
0.960597
0.232309
0.536713
0.292510
0.833857
0.708084
0.898988
0.766019
0.674759
0.328157
0.195515
0.906037
0.237516
0.183618
0.975140
0.629474
0.077642
0.066636
0.376339
0.857298
0.239938
0.211183
0.615987
0.540416
0.829296
0.260321
0.173440
0.474614
0.589308
0.085045
0.794932
0.529562
0.613695
0.079698
0.443278
0.916877
0.315547
0.558942
0.317898
0.122256
0.779367
0.881290
0.070145
0.126667
0.620941
0.924210
0.338953
0.541598
0.480012
0.535779
0.731791
0.283381
0.270765
0.587908
0.375935
0.411565
0.315133
0.256130
0.165048
0.756359
0.483906
0.150943
0.826076
0.960138
0.470659
0.925722
0.931454
0.558006
0.323489
0.986193
0.981627
0.722428
0.359568
0.926466
0.682881
0.296919
0.587504
0.316635
0.545485
0.743800
0.762517
0.466935
0.927155
0.631011
0.199427
0.793468
0.646816
0.282996
0.468459
0.410487
0.293687
0.220637
0.098849
0.574240
0.356678
0.015264
0.415277
0.603388
0.299094
0.181718
0.632099
0.900970
0.703653
0.735480
0.330403
0.702943
0.612824
0.038865
0.442868
0.178275
0.189465
0.561274
0.871445
0.505613
0.822783
0.178509
0.862838
0.551496
0.804606
0.636155
0.266812
0.775147
0.700960
0.802019
0.802301
0.984819
0.543966
0.332635
0.456338
0.570704
0.969048
0.378832
0.140789
0.839406
0.422452
0.955357
0.731909
0.074977
0.564076
0.599575
0.617698
0.951514
0.990617
0.944216
0.878086
0.922319
0.404027
0.829194
0.222911
0.210623
0.350282
0.577487
0.812731
0.026870
0.653467
0.060074
0.087425
0.637563
0.670165
0.174947
0.727631
0.910678
0.489169
0.365168
0.873975
0.962633
0.201500
0.801005
0.729126
0.531827
0.365738
0.851119
0.667658
0.703733
0.793669
0.467821
0.978728
0.612562
0.781237
0.111387
0.366562
0.744484
0.909821
0.838436
0.333755
0.467412
0.542810
0.179374
0.572386
0.412354
0.142501
0.429895
0.487946
0.331317
0.532307
0.981548
0.981069
0.056785
0.229274
0.316368
0.612092
0.187751
0.971913
0.290567
0.273412
0.127317
0.568347
0.332285
0.494662
0.096850
0.189767
0.178408
0.505704
0.751710
0.234199
0.775450
0.182423
0.023533
0.885591
0.969488
0.000348
0.814075
0.493203
0.610173
0.121070
0.165630
0.896315
0.693791
0.736486
0.532994
0.819250
0.170393
0.795848
0.782007
0.461701
0.039990
0.240623
0.539647
0.409378
0.362802
0.872176
0.520690
0.989966
0.808578
0.977250
0.455935
0.199393
0.369972
0.836276
0.246988
0.323412
0.864987
0.239475
0.972610
0.379495
0.853478
0.135795
0.371624
0.504044
0.592717
0.539641
0.427393
0.409906
0.657024
0.820431
0.678852
0.039204
0.846458
0.499956
0.883106
0.536489
0.009569
0.682558
0.654590
0.667188
0.405217
0.243116
0.705791
0.806379
0.228449
0.897850
0.314537
0.622873
0.925442
0.282931
0.642840
0.583606
0.922505
0.165908
0.532307
0.403346
0.394148
0.914947
0.401115
0.564717
0.695207
0.350881
0.867545
0.033524
0.082041
0.107075
0.725078
0.294405
0.347780
0.622098
0.894058
0.831782
0.996644
0.890215
0.974912
0.181134
0.582325
0.094686
0.027938
0.675577
0.835421
0.248879
0.204649
0.012760
0.204949
0.970198
0.855687
0.767072
0.438902
0.511818
0.740292
0.972160
0.828887
0.177238
0.962342
0.898763
0.743810
0.242644
0.257945
0.152854
0.077630
0.512086
0.259601
0.219102
0.236181
0.630462
0.361929
0.574634
0.288045
0.279323
0.813947
0.498125
0.904497
0.380485
0.662919
0.699185
0.713505
0.432455
0.174771
0.893073
0.692802
0.104668
0.356058
0.445712
0.227010
0.214539
0.202502
0.214021
0.453834
0.212328
0.299089
0.706563
0.524316
0.298810
0.396728
0.689498
0.402148
0.300769
0.590477
0.362857
0.827056
0.429299
0.724323
0.232119
0.067238
0.045912
0.647534
0.800108
0.085869
0.561468
0.947568
0.204202
0.746666
0.592912
0.784545
0.923849
0.683520
0.502825
0.452283
0.683400
0.459185
0.446789
0.290895
0.675256
0.638032
0.053558
0.575947
0.228322
0.397865
0.863053
0.009187
0.046778
0.305802
0.647154
0.435823
0.144159
0.883216
0.738324
0.413376
0.597755
0.584736
0.491025
0.257085
0.248309
0.816316
0.000963
0.186887
0.470048
0.617364
0.207134
0.200943
0.136003
0.631933
0.501693
0.300743
0.903662
0.993973
0.972622
0.692765
0.945926
0.751652
0.404225
0.591692
0.252374
0.455729
0.160427
0.250206
0.625849
0.537001
0.075885
0.840327
0.499352
0.097801
0.479916
0.811331
0.698247
0.742571
0.478235
0.349215
0.272785
0.072486
0.617506
0.562738
0.525930
0.469147
0.057702
0.021019
0.361507
0.792336
0.377288
0.267690
0.077661
0.616830
0.136201
0.936626
0.730622
0.633282
0.321657
0.094229
0.193789
0.838162
0.801759
0.433272
0.037126
0.137760
0.911930
0.943312
0.351867
0.991252
0.299143
0.682662
0.645537
0.717831
0.148978
0.276928
0.932283
0.092898
0.920483
0.769103
0.143517
0.858315
0.713847
0.446229
0.983879
0.771719
0.395895
0.267621
0.357497
0.819907
0.608382
0.519650
0.489580
0.221271
0.784111
0.322092
0.868304
0.842307
0.295856
0.611037
0.132020
0.653179
0.863101
0.223363
0.026781
0.847346
0.341592
0.707770
0.559163
0.250257
0.020697
0.487379
0.469419
0.642105
0.553587
0.998891
0.149930
0.619639
0.645220
0.433310
0.133978
0.622048
0.623143
0.703227
0.279825
0.745898
0.016104
0.261670
0.775112
0.974139
0.265483
0.397513
0.086559
0.444172
0.694523
0.632448
0.979993
0.379975
0.860384
0.844522
0.735673
0.313294
0.414010
0.743230
0.683940
0.218902
0.592798
0.321184
0.186168
0.188911
0.471091
0.907325
0.186040
0.271151
0.093477
0.446717
0.456126
0.096612
0.615903
0.631890
0.664776
0.920951
0.579600
0.510749
0.388334
0.705052
0.442822
0.196052
0.193649
0.859663
0.495396
0.301441
0.915914
0.279079
0.281086
0.729039
0.256805
0.288902
0.652769
0.433615
0.827943
0.132855
0.585422
0.788301
0.764660
0.623661
0.871925
0.176879
0.035082
0.582985
0.826672
0.437633
0.569524
0.695437
0.121996
0.783752
0.335197
0.401640
0.882413
0.825307
0.481227
0.455356
0.161664
0.317785
0.678987
0.769682
0.927588
0.262188
0.782742
0.177299
0.679788
0.981692
0.935608
0.729791
0.825127
0.799868
0.245815
0.161024
0.936025
0.945471
0.158297
0.139586
0.016573
0.308783
0.646582
0.935294
0.901461
0.674530
0.350000
0.124755
0.912710
0.056345
0.781202
0.961000
0.899230
0.757812
0.728994
0.032174
0.784180
0.785060
0.981478
0.834289
0.745144
0.235923
0.494512
0.883040
0.152119
0.290661
0.130480
0.989685
0.388316
0.429249
0.092371
0.325986
0.678773
0.500223
0.178176
0.903216
0.051782
0.266090
0.980594
0.090217
0.558126
0.050300
0.157052
0.795539
0.873131
0.110781
0.895036
0.938625
0.406528
0.365039
0.697738
0.835067
0.045128
0.091815
0.615009
0.120921
0.653314
0.234311
0.044634
0.841089
0.456337
0.929972
0.228907
0.326756
0.431434
0.891836
0.571534
0.486898
0.831750
0.266442
0.899832
0.138848
0.968077
0.593304
0.797253
0.002919
0.373407
0.490948
0.131216
0.986106
0.475294
0.694506
0.901249
0.379828
0.901027
0.069877
0.532450
0.596756
0.540624
0.229452
0.739251
0.071681
0.492628
0.374398
0.084506
0.951465
0.017721
0.988503
0.358881
0.199037
0.625153
0.008591
0.905563
0.736467
0.416976
0.096491
0.015281
0.252086
0.815098
0.637572
0.516634
0.296686
0.796143
0.090845
0.686738
0.293769
0.759132
0.315616
0.607185
0.088864
0.150965
0.499717
0.090309
0.662908
0.974727
0.314284
0.300769
0.634684
0.305798
0.920109
0.197444
0.177328
0.940781
0.450547
0.920641
0.973894
0.304237
0.595992
0.249613
0.836984
0.738240
0.914911
0.255392
0.617436
0.299739
0.496438
0.273932
0.027083
0.190730
0.599541
0.324568
0.000566
0.946250
0.893739
0.098784
0.221213
0.505174
0.926389
0.644297
0.435983
0.288829
0.441535
0.869449
0.184465
0.412422
0.175317
0.992916
0.566951
0.154274
0.752942
0.063726
0.676558
0.807875
0.312221
0.676592
0.320426
0.041746
0.478668
0.007556
0.654967
0.892111
0.317158
0.294949
0.360182
0.513393
0.885149
0.890653
0.978043
0.811507
0.012470
0.006694
0.039932
0.084978
0.932666
0.282124
0.608144
0.798866
0.390909
0.295240
0.856456
0.616502
0.853472
0.146096
0.314755
0.814041
0.443762
0.234335
0.402727
0.202828
0.229919
0.357338
0.877615
0.684565
0.488976
0.253679
0.821033
0.564308
0.572582
0.716893
0.789843
0.746266
0.999285
0.404559
0.756102
0.937409
0.398382
0.467695
0.461061
0.983901
0.930330
0.125466
0.808232
0.465333
0.808715
0.310199
0.920519
0.671778
0.548790
0.507723
0.486409
0.088648
0.567572
0.918005
0.020224
0.514379
0.760503
0.061112
0.661438
0.935910
0.679669
0.953480
0.138058
0.286989
0.938591
0.979495
0.519063
0.214286
0.468568
0.583388
0.380910
0.976317
0.251589
0.906443
0.013097
0.600183
0.154805
0.494513
0.287796
0.421123
0.491564
0.200857
0.818542
0.129873
0.934012
0.409281
0.032987
0.452844
0.402246
0.702597
0.784718
0.590112
0.555044
0.101390
0.129133
0.536216
0.507147
0.998103
0.888386
0.408773
0.398106
0.911430
0.630387
0.909902
0.437693
0.186024
0.686873
0.045466
0.052873
0.762514
0.835531
0.227117
0.761342
0.142839
0.271197
0.882164
0.396619
0.675895
0.491102
0.696248
0.309713
0.288487
0.719194
0.613828
0.172340
0.786600
0.494514
0.721486
0.006711
0.851985
0.048640
0.139034
0.066879
0.859048
0.097188
0.043447
0.196650
0.637060
0.670379
0.950595
0.289054
0.302678
0.607670
0.379798
0.472381
0.287771
0.341443
0.026186
0.647778
0.687573
0.594762
0.565880
0.003412
0.054133
0.618185
0.218973
0.130189
0.760087
0.590646
0.195338
0.364040
0.057742
0.809396
0.148234
0.979770
0.958468
0.294007
0.760739
0.861468
0.057404
0.429435
0.589984
0.274479
0.428482
0.273157
0.294205
0.363939
0.714754
0.151352
0.367604
0.004871
0.539041
0.169164
0.508030
0.628851
0.359887
0.260013
0.742461
0.652224
0.897827
0.398975
0.435310
0.130891
0.256976
0.605225
0.304536
0.266661
0.866916
0.358540
0.570569
0.390155
0.369906
0.054863
0.363049
0.045282
0.578402
0.125938
0.510378
0.800274
0.627890
0.447993
0.837081
0.410281
0.450026
0.664502
0.093986
0.956538
0.691100
0.047996
0.646205
0.587078
0.200797
0.525945
0.043943
0.484024
0.216289
0.495696
0.601105
0.682436
0.366619
0.053482
0.106724
0.365719
0.622418
0.262483
0.794202
0.262595
0.315916
0.084958
0.693355
0.770643
0.356280
0.603437
0.490282
0.431391
0.765255
0.155972
0.020038
0.381980
0.658124
0.010457
0.517120
0.408383
0.794974
0.203002
0.748775
0.225195
0.827281
0.165381
0.156103
0.606977
0.364805
0.766529
0.127994
0.996166
0.987792
0.393114
0.532857
0.212551
0.329499
0.694163
0.633176
0.889305
0.354025
0.614754
0.507870
0.260584
0.954453
0.343770
0.107474
0.925685
0.996310
0.800714
0.067120
0.214773
0.931333
0.286591
0.402344
0.781163
0.106555
0.923848
0.212697
0.045167
0.893698
0.510376
0.518169
0.114506
0.763878
0.412578
0.353430
0.806284
0.432629
0.122498
0.244879
0.395518
0.200228
0.104015
0.195510
0.715242
0.612349
0.553090
0.302584
0.233161
0.566010
0.697089
0.133119
0.729881
0.985852
0.258158
0.982191
0.203685
0.195713
0.705669
0.139049
0.626888
0.110527
0.922718
0.286036
0.178746
0.373530
0.911693
0.155333
0.579925
0.563781
0.163909
0.568504
0.153539
0.598990
0.318289
0.983866
0.237748
0.458667
0.734127
0.676656
0.574917
0.352576
0.602901
0.677030
0.302338
0.459507
0.224148
0.590854
0.169519
0.361354
0.070414
0.428324
0.607024
0.297516
0.266250
0.565386
0.271893
0.364598
0.106282
0.962981
0.694607
0.786432
0.237339
0.769090
0.652625
0.379412
0.129647
0.428601
0.895485
0.338135
0.462078
0.425981
0.846459
0.466359
0.046471
0.785769
0.905779
0.978274
0.916006
0.455873
0.980422
0.995082
0.202653
0.698685
0.865458
0.861894
0.428668
0.615007
0.101957
0.409934
0.837163
0.925788
0.936464
0.289060
0.386736
0.136676
0.007036
0.495597
0.035160
0.210379
0.380836
0.220479
0.937138
0.871846
0.568295
0.142711
0.181119
0.671248
0.138835
0.293131
0.690178
0.929786
0.563154
0.613498
0.911957
0.693298
0.907072
0.335887
0.922667
0.818689
0.001943
0.307389
0.570158
0.318169
0.716628
0.385140
0.281044
0.086301
0.956028
0.026644
0.156897
0.134866
0.011183
0.200426
0.984501
0.460541
0.885934
0.741982
0.785165
0.670383
0.225140
0.280053
0.528109
0.490132
0.469471
0.858204
0.632895
0.280325
0.861749
0.376720
0.885943
0.685220
0.929861
0.979815
0.396087
0.539536
0.071232
0.513149
0.214208
0.158003
0.863859
0.176657
0.241929
0.132725
0.728910
0.497703
0.054363
0.763355
0.569882
0.749526
0.261931
0.245087
0.013327
0.940018
0.036243
0.739450
0.876131
0.495800
0.425039
0.452931
0.484372
0.766621
0.081191
0.848389
0.468718
0.475064
0.030769
0.114305
0.661409
0.236563
0.105175
0.016823
0.719788
0.274737
0.662327
0.259619
0.101400
0.457035
0.221919
0.476577
0.015649
0.775693
0.639735
0.982274
0.977027
0.399001
0.446027
0.405281
0.584893
0.417888
0.972958
0.329280
0.154823
0.412817
0.896105
0.066986
0.826521
0.965987
0.815026
0.691889
0.773291
0.243860
0.497888
0.452798
0.138072
0.774985
0.415160
0.696214
0.321034
0.548150
0.187366
0.421496
0.243742
0.555835
0.571899
0.593858
0.214875
0.907980
0.613906
0.340161
0.022513
0.641071
0.586223
0.152536
0.877986
0.347533
0.343382
0.224800
0.836280
0.750436
0.714677
0.046702
0.318012
0.348515
0.561294
0.380969
0.357968
0.256503
0.122499
0.748172
0.205196
0.365775
0.275897
0.544402
0.899668
0.950303
0.336743
0.916753
0.450502
0.842931
0.021325
0.521632
0.240751
0.306950
0.199404
0.290863
0.283743
0.727997
0.060717
0.330619
0.956000
0.251262
0.320544
0.078158
0.831705
0.489006
0.089337
0.841374
0.243736
0.423392
0.031415
0.846159
0.196269
0.629634
0.437709
0.916582
0.253935
0.944450
0.837587
0.912874
0.032542
0.704830
0.774730
0.052231
0.916362
0.682125
0.372071
0.237425
0.626978
0.836434
0.310804
0.518233
0.268691
0.016317
0.848445
0.810672
0.475501
0.728808
0.500964
0.999052
0.284632
0.104754
0.013977
0.545838
0.361636
0.184456
0.247996
0.734327
0.202052
0.648626
0.602751
0.669135
0.934628
0.119655
0.605565
0.159498
0.351107
0.158199
0.288795
0.610387
0.787572
0.080073
0.981340
0.046431
0.482361
0.718452
0.139202
0.393658
0.035534
0.256399
0.840119
0.144043
0.594914
0.254691
0.567255
0.527873
0.393678
0.999967
0.906954
0.318925
0.264525
0.298183
0.785556
0.397449
0.755392
0.838381
0.870276
0.195972
0.471741
0.251774
0.759146
0.152912
0.270409
0.991138
0.585019
0.299002
0.930016
0.155519
0.658635
0.101529
0.922937
0.385255
0.775748
0.691384
0.913840
0.952304
0.813321
0.597929
0.609780
0.170893
0.239779
0.116666
0.586864
0.253473
0.164322
0.434730
0.718467
0.736985
0.550309
0.639192
0.830023
0.604450
0.217695
0.733164
0.205372
0.226856
0.259538
0.784734
0.569664
0.250370
0.497564
0.333699
0.173842
0.553852
0.601796
0.181117
0.605668
0.401695
0.499245
0.686669
0.952324
0.916961
0.696665
0.698838
0.939575
0.999847
0.142369
0.242894
0.672486
0.816445
0.252108
0.091696
0.602712
0.982830
0.724011
0.344308
0.347342
0.569455
0.767591
0.137418
0.984315
0.050855
0.371809
0.614584
0.449383
0.325667
0.237208
0.278279
0.659656
0.931964
0.997096
0.849757
0.988693
0.582898
0.352808
0.761730
0.718166
0.147657
0.748018
0.408853
0.091081
0.202735
0.207119
0.281025
0.591563
0.278515
0.962665
0.104507
0.076205
0.926161
0.496873
0.115842
0.381974
0.729827
0.622192
0.593596
0.035692
0.389177
0.225929
0.772909
0.690061
0.997215
0.303945
0.267858
0.911269
0.638430
0.908403
0.126632
0.943146
0.432254
0.634589
0.644521
0.072886
0.146834
0.271788
0.059717
0.223337
0.508107
0.243227
0.256925
0.396841
0.329200
0.460080
0.603794
0.595651
0.585138
0.214531
0.045150
0.843901
0.557858
0.736906
0.580047
0.936142
0.176547
0.041863
0.246636
0.537436
0.678283
0.688646
0.739833
0.260022
0.713991
0.080402
0.786814
0.341534
0.024717
0.927559
0.405311
0.549789
0.813206
0.500268
0.169728
0.939134
0.935799
0.294907
0.610065
0.083353
0.039638
0.739648
0.868659
0.410145
0.770187
0.564083
0.739732
0.262155
0.174064
0.457919
0.216754
0.309576
0.422184
0.643731
0.672621
0.939301
0.978218
0.988777
0.797644
0.245657
0.337361
0.280878
0.420346
0.247679
0.460415
0.293357
0.336078
0.957966
0.028184
0.264050
0.268444
0.928087
0.641180
0.413362
0.088539
0.895555
0.089641
0.126405
0.417002
0.157360
0.818866
0.424185
0.733877
0.295071
0.714860
0.348855
0.121287
0.876493
0.335287
0.888036
0.763927
0.758887
0.710743
0.063190
0.332362
0.618763
0.841336
0.807066
0.374139
0.333221
0.013583
0.255203
0.837718
0.837862
0.062614
0.076495
0.854203
0.086264
0.704695
0.467819
0.901898
0.736014
0.065055
0.437730
0.478668
0.186306
0.526037
0.004212
0.407118
0.592103
0.020550
0.931497
0.897575
0.479859
0.895838
0.630941
0.493896
0.589801
0.472569
0.850965
0.027077
0.569781
0.424221
0.781063
0.701678
0.145686
0.101793
0.194865
0.440064
0.393406
0.928827
0.257268
0.609457
0.737374
0.991733
0.620624
0.256792
0.300663
0.950443
0.434998
0.976404
0.231641
0.394358
0.897482
0.535504
0.632204
0.768625
0.965575
0.382490
0.712548
0.995717
0.859623
0.163054
0.797529
0.917325
0.979324
0.369112
0.809565
0.681568
0.859295
0.245538
0.853112
0.200512
0.788699
0.079719
0.525699
0.803001
0.719939
0.998914
0.580523
0.207802
0.091408
0.400433
0.565615
0.942062
0.189311
0.139626
0.064555
0.330079
0.673539
0.600680
0.163764
0.177380
0.892611
0.775235
0.771348
0.275122
0.612682
0.473810
0.412509
0.849791
0.785603
0.795038
0.126517
0.083228
0.981057
0.977723
0.090246
0.827961
0.107743
0.760696
0.593271
0.642843
0.048638
0.375496
0.989531
0.274015
0.835304
0.296857
0.250546
0.706177
0.986277
0.876008
0.745207
0.909161
0.634500
0.981785
0.871121
0.404838
0.068832
0.774560
0.162525
0.779312
0.314611
0.737979
0.499752
0.265452
0.378287
0.093508
0.045273
0.520714
0.781109
0.722803
0.531290
0.725291
0.006882
0.722881
0.523898
0.125569
0.488782
0.719111
0.288808
0.147895
0.760235
0.061011
0.883633
0.207662
0.394860
0.025866
0.101730
0.338699
0.360469
0.155152
0.892620
0.767985
0.412138
0.848773
0.883950
0.560659
0.149334
0.342113
0.630037
0.460361
0.362105
0.190900
0.211961
0.049873
0.291336
0.388877
0.814223
0.357073
0.428064
0.243300
0.902976
0.031210
0.476858
0.133228
0.630801
0.214482
0.108260
0.275643
0.093059
0.233933
0.125289
0.624375
0.060803
0.238659
0.669006
0.026836
0.815245
0.907326
0.088144
0.763578
0.708798
0.351006
0.097803
0.595649
0.077667
0.336316
0.852196
0.444774
0.131015
0.953881
0.556471
0.831340
0.441681
0.857099
0.242592
0.195199
0.663468
0.196225
0.334272
0.224281
0.099990
0.372767
0.625987
0.316017
0.750081
0.739188
0.301033
0.296582
0.454769
0.368930
0.613663
0.522941
0.770812
0.021748
0.860272
0.492716
0.195793
0.429346
0.264656
0.086859
0.369781
0.026343
0.402324
0.570144
0.878557
0.251537
0.788881
0.474463
0.283393
0.544492
0.257466
0.489943
0.002405
0.162425
0.750258
0.488868
0.668462
0.942421
0.149041
0.807424
0.588655
0.133948
0.769834
0.910241
0.930337
0.426689
0.146583
0.562764
0.258719
0.298690
0.728912
0.636423
0.051029
0.809811
0.118943
0.671627
0.812236
0.965503
0.472171
0.323559
0.417333
0.775884
0.687412
0.815793
0.305188
0.135136
0.010798
0.526717
0.148953
0.646212
0.678850
0.833776
0.628035
0.515856
0.225605
0.340517
0.926631
0.644932
0.078806
0.611457
0.583830
0.039074
0.070159
0.539755
0.320267
0.664637
0.484647
0.472703
0.466351
0.874972
0.273908
0.220026
0.617046
0.532003
0.058680
0.069995
0.138222
0.948125
0.545302
0.938353
0.149564
0.773411
0.981280
0.775053
0.609043
0.953130
0.274919
0.353809
0.123953
0.880577
0.404012
0.569459
0.113508
0.870225
0.738593
0.368142
0.948002
0.076172
0.902758
0.435285
0.689535
0.980920
0.800536
0.766403
0.059290
0.579450
0.430841
0.245714
0.256390
0.383620
0.116465
0.357565
0.253301
0.371871
0.772151
0.155669
0.192811
0.009247
0.836723
0.615156
0.511559
0.462727
0.494270
0.492436
0.415135
0.136869
0.809409
0.817876
0.329743
0.654769
0.401595
0.146288
0.955420
0.409325
0.283502
0.690229
0.545822
0.809827
0.488464
0.461113
0.039573
0.348846
0.111982
0.543142
0.668173
0.614441
0.392284
0.625037
0.665472
0.372683
0.454961
0.914595
0.703707
0.845482
0.346652
0.561049
0.681095
0.308734
0.982802
0.710244
0.485997
0.135777
0.634479
0.317626
0.362640
0.411163
0.579249
0.844042
0.503401
0.239736
0.541121
0.959357
0.492655
0.876030
0.544550
0.378873
0.227186
0.798976
0.807500
0.957573
0.938160
0.856916
0.298579
0.167168
0.939656
0.607945
0.583227
0.080964
0.728770
0.980545
0.583968
0.991535
0.062273
0.379550
0.879731
0.786212
0.634828
0.362410
0.169224
0.205384
0.983784
0.010778
0.523382
0.108610
0.245520
0.122400
0.051862
0.873547
0.388350
0.348325
0.608618
0.052689
0.547006
0.400422
0.161523
0.412912
0.083663
0.454216
0.451065
0.482845
0.000544
0.872029
0.563101
0.733040
0.329077
0.371438
0.040670
0.513961
0.120616
0.764043
0.159873
0.876791
0.663730
0.389555
0.994816
0.402035
0.553048
0.370181
0.896615
0.160954
0.234672
0.810340
0.011458
0.934800
0.653143
0.066677
0.462737
0.816867
0.624986
0.213398
0.822238
0.322356
0.563799
0.827913
0.495398
0.131046
0.181917
0.221793
0.645616
0.587788
0.793636
0.242039
0.282639
0.085803
0.844995
0.767667
0.139995
0.457797
0.295125
0.026600
0.966504
0.499882
0.474159
0.857873
0.856841
0.753320
0.042705
0.044158
0.246166
0.669072
0.677883
0.839593
0.193815
0.280160
0.110917
0.817924
0.581053
0.506842
0.141302
0.165967
0.847892
0.219605
0.252523
0.547374
0.893969
0.184960
0.454338
0.661718
0.768488
0.019059
0.976631
0.623883
0.774224
0.274120
0.439819
0.288775
0.610588
0.782663
0.126824
0.646342
0.180758
0.384566
0.981611
0.411900
0.687867
0.161922
0.959282
0.936787
0.645262
0.306719
0.352740
0.564311
0.425815
0.746328
0.720908
0.556025
0.975307
0.651801
0.043516
0.713308
0.314866
0.953987
0.727451
0.819258
0.457471
0.992457
0.089661
0.025899
0.363519
0.422244
0.941633
0.311704
0.560455
0.503388
0.900429
0.134423
0.051464
0.898306
0.051277
0.404229
0.138219
0.101965
0.586738
0.902177
0.782708
0.629869
0.047424
0.268968
0.133100
0.088863
0.789288
0.689039
0.838699
0.255743
0.302466
0.394950
0.778939
0.288684
0.006691
0.117095
0.831453
0.196475
0.148265
0.603722
0.304205
0.690576
0.423594
0.336263
0.656676
0.544976
0.954284
0.564978
0.135122
0.588869
0.238803
0.789916
0.946889
0.457144
0.705705
0.812180
0.598793
0.223688
0.493411
0.480512
0.024558
0.042493
0.081560
0.258186
0.126324
0.921587
0.398919
0.735215
0.355212
0.754772
0.032853
0.210872
0.955951
0.736171
0.165364
0.471520
0.500573
0.282596
0.860686
0.888759
0.336164
0.588719
0.329445
0.962880
0.571680
0.940066
0.794383
0.436638
0.228830
0.908813
0.582643
0.104330
0.182012
0.557399
0.069615
0.441194
0.512322
0.774957
0.099351
0.178111
0.900615
0.871548
0.506529
0.946631
0.684640
0.555211
0.364997
0.119298
0.205227
0.416830
0.587866
0.970299
0.066541
0.047806
0.504169
0.281421
0.935401
0.915550
0.037090
0.518317
0.504657
0.121777
0.108741
0.702093
0.245632
0.168627
0.896515
0.101198
0.574627
0.857583
0.565995
0.868634
0.058483
0.446217
0.105426
0.749475
0.284217
0.187735
0.886751
0.983697
0.017707
0.378342
0.578206
0.529325
0.276448
0.037418
0.033486
0.730890
0.941372
0.345509
0.782460
0.558195
0.532720
0.965121
0.748464
0.540403
0.774989
0.369339
0.817142
0.520427
0.575935
0.303254
0.881860
0.354636
0.044637
0.503194
0.990678
0.682881
0.173627
0.798782
0.219883
0.893819
0.810083
0.722796
0.899090
0.410563
0.541081
0.753845
0.812901
0.421638
0.117913
0.316857
0.004126
0.182248
0.044463
0.666382
0.803570
0.010862
0.954653
0.777701
0.711379
0.106106
0.403942
0.370759
0.754953
0.308969
0.699896
0.191893
0.948416
0.935325
0.396815
0.678392
0.478651
0.803765
0.079426
0.130857
0.242901
0.583740
0.060635
0.518375
0.362924
0.589017
0.618345
0.041509
0.300720
0.141453
0.396332
0.578100
0.200815
0.630072
0.594193
0.136877
0.084109
0.390462
0.571342
0.443886
0.518282
0.529483
0.490081
0.786727
0.389774
0.820285
0.622727
0.241603
0.402314
0.792638
0.947806
0.408188
0.927020
0.143582
0.660305
0.777297
0.829061
0.593379
0.220987
0.856378
0.895875
0.311786
0.569773
0.177813
0.491959
0.039633
0.128181
0.315029
0.065214
0.030722
0.215831
0.031425
0.129855
0.939031
0.506011
0.687110
0.350884
0.776235
0.145308
0.028455
0.355128
0.064538
0.162294
0.485453
0.893832
0.309816
0.790287
0.101900
0.981821
0.920076
0.329162
0.223380
0.638224
0.694224
0.171231
0.068062
0.853759
0.006148
0.616186
0.305323
0.409577
0.809112
0.100104
0.767165
0.172679
0.585464
0.463509
0.417457
0.492880
0.366654
0.883503
0.703986
0.326352
0.948568
0.094960
0.418317
0.710718
0.427169
0.525776
0.188475
0.216711
0.179458
0.971187
0.729426
0.001400
0.414743
0.432150
0.976385
0.087972
0.421217
0.742780
0.225923
0.497082
0.632859
0.611857
0.409896
0.854762
0.641634
0.703393
0.627182
0.101894
0.280018
0.381258
0.058235
0.930244
0.898828
0.742874
0.387443
0.570062
0.965366
0.566967
0.858308
0.554239
0.106878
0.800385
0.086433
0.084035
0.724320
0.208977
0.755321
0.621356
0.301443
0.817532
0.319992
0.332611
0.534189
0.763785
0.843405
0.009113
0.405391
0.191484
0.090699
0.089059
0.329802
0.807518
0.006242
0.406061
0.494420
0.728106
0.698496
0.289246
0.519135
0.239055
0.057691
0.639914
0.562687
0.095075
0.131313
0.609762
0.998931
0.983156
0.382409
0.505670
0.788428
0.775012
0.955695
0.546046
0.670329
0.193583
0.076483
0.093738
0.299589
0.518603
0.707422
0.990507
0.454485
0.956228
0.588046
0.618061
0.439447
0.297727
0.782140
0.310653
0.808203
0.492236
0.857911
0.744242
0.532236
0.758577
0.825982
0.927215
0.739554
0.861133
0.960189
0.417671
0.148772
0.174791
0.626195
0.392271
0.323505
0.163946
0.242917
0.191647
0.872078
0.900569
0.501764
0.967372
0.717542
0.246334
0.968686
0.055502
0.563009
0.323807
0.194038
0.701667
0.677295
0.901706
0.455258
0.762733
0.125877
0.319213
0.257352
0.010026
0.572164
0.574354
0.716198
0.659117
0.774077
0.201439
0.949657
0.751169
0.900944
0.562571
0.601499
0.010845
0.795709
0.178204
0.623141
0.805787
0.307449
0.721780
0.438200
0.832642
0.819208
0.303416
0.614855
0.154669
0.096138
0.667659
0.171020
0.215892
0.578962
0.930301
0.637338
0.456827
0.247739
0.479263
0.002977
0.156766
0.180945
0.664527
0.669245
0.127621
0.934873
0.902151
0.536015
0.884343
0.868336
0.817327
0.345965
0.916883
0.537685
0.051513
0.411628
0.688739
0.287145
0.358625
0.850254
0.987043
0.159459
0.615290
0.451488
0.249229
0.251842
0.370164
0.302855
0.491252
0.642254
0.557305
0.298065
0.462375
0.010977
0.998625
0.653123
0.651512
0.082518
0.320383
0.555256
0.770146
0.012808
0.908758
0.069652
0.336795
0.846724
0.529477
0.429010
0.988050
0.170923
0.236504
0.830901
0.141171
0.086985
0.194796
0.867949
0.633251
0.629869
0.042119
0.715815
0.961934
0.756686
0.414927
0.204000
0.752702
0.030776
0.263303
0.894454
0.077724
0.126106
0.579961
0.293010
0.251264
0.276978
0.168319
0.318615
0.726655
0.798044
0.074618
0.155383
0.719833
0.799642
0.309123
0.612459
0.184437
0.223441
0.481371
0.116694
0.763466
0.323395
0.974489
0.463134
0.342505
0.717012
0.283574
0.448321
0.829506
0.131942
0.143131
0.511404
0.786139
0.972863
0.068582
0.508067
0.535703
0.833696
0.936828
0.742268
0.372595
0.080120
0.230881
0.380787
0.498346
0.627405
0.573553
0.375591
0.309223
0.038556
0.175211
0.019011
0.660382
0.067770
0.820594
0.256725
0.731597
0.774209
0.019690
0.883568
0.119543
0.331077
0.947680
0.747136
0.781641
0.655016
0.798940
0.084216
0.456472
0.980816
0.180108
0.115026
0.185748
0.506431
0.167212
0.020262
0.562847
0.233313
0.651864
0.425963
0.332911
0.127054
0.601511
0.521188
0.969506
0.723347
0.858753
0.933503
0.852845
0.304253
0.104721
0.487280
0.674572
0.769782
0.611520
0.969813
0.694112
0.329791
0.408730
0.030245
0.471579
0.141188
0.488977
0.336302
0.702248
0.015452
0.677555
0.113845
0.777594
0.321466
0.791126
0.194238
0.697886
0.208663
0.710466
0.694516
0.961347
0.275477
0.992287
0.455381
0.054880
0.808120
0.645113
0.361995
0.171351
0.714660
0.694222
0.672601
0.778435
0.279415
0.160649
0.479944
0.664030
0.862664
0.079256
0.430510
0.083227
0.670660
0.180857
0.826577
0.631844
0.720968
0.863410
0.236080
0.471528
0.128109
0.077272
0.735284
0.531412
0.834511
0.749517
0.909273
0.311336
0.911787
0.372310
0.735253
0.911637
0.557311
0.380355
0.473663
0.914494
0.911115
0.942391
0.692102
0.741835
0.818095
0.791766
0.547065
0.114818
0.660531
0.721061
0.448496
0.239856
0.385920
0.365785
0.232153
0.346223
0.855118
0.902124
0.964779
0.200209
0.635802
0.283762
0.507094
0.220845
0.366231
0.642759
0.959593
0.822189
0.814338
0.479490
0.116164
0.607169
0.757117
0.266652
0.050508
0.038001
0.805333
0.092327
0.960380
0.208153
0.298542
0.967115
0.394642
0.340886
0.395422
0.420323
0.988122
0.639351
0.484419
0.010217
0.829292
0.113245
0.039700
0.373344
0.585757
0.007040
0.047428
0.437904
0.512554
0.454763
0.127341
0.426198
0.468267
0.986346
0.474647
0.271126
0.063950
0.510536
0.747229
0.071759
0.069870
0.399366
0.023169
0.212963
0.205053
0.299194
0.953577
0.774093
0.434650
0.293296
0.235736
0.851747
0.900112
0.041029
0.531558
0.421581
0.607177
0.518554
0.956355
0.364190
0.996675
0.986118
0.262923
0.280048
0.523136
0.806906
0.845932
0.718510
0.366219
0.742447
0.691636
0.445882
0.399949
0.349589
0.397890
0.377549
0.544769
0.104036
0.389487
0.799165
0.627401
0.875441
0.453796
0.501908
0.873527
0.379069
0.721726
0.456795
0.158268
0.229020
0.218989
0.653064
0.139495
0.218012
0.112686
0.725611
0.398936
0.448732
0.778200
0.996498
0.716102
0.941742
0.811404
0.555517
0.600030
0.344956
0.111180
0.004821
0.203828
0.369671
0.157252
0.492611
0.747040
0.578169
0.608327
0.660897
0.570826
0.147872
0.345557
0.132307
0.950943
0.237070
0.086305
0.160970
0.793553
0.577202
0.693229
0.072457
0.338830
0.916707
0.303675
0.117786
0.997390
0.941429
0.404385
0.366485
0.444528
0.296598
0.976517
0.263722
0.097269
0.335356
0.835974
0.476501
0.099231
0.218862
0.294054
0.653908
0.938299
0.992946
0.263402
0.726435
0.822118
0.266338
0.934281
0.369353
0.936388
0.115447
0.146156
0.255157
0.710983
0.840713
0.579586
0.720069
0.218871
0.199517
0.893431
0.469604
0.832857
0.740649
0.932376
0.948199
0.265133
0.865350
0.129755
0.997904
0.114637
0.239903
0.230704
0.431137
0.047235
0.184799
0.460612
0.142501
0.733705
0.665455
0.263893
0.384659
0.670540
0.509503
0.738067
0.833281
0.008558
0.475635
0.888157
0.066043
0.514334
0.799012
0.826394
0.080697
0.789431
0.838242
0.042235
0.477196
0.872457
0.448909
0.867697
0.928891
0.348923
0.708675
0.263004
0.567780
0.093923
0.618939
0.047540
0.908825
0.772619
0.408056
0.701117
0.938334
0.223546
0.061130
0.860565
0.991399
0.849721
0.701354
0.636617
0.043403
0.142569
0.447923
0.876124
0.040582
0.463665
0.375509
0.494569
0.894659
0.209281
0.200292
0.003901
0.766533
0.482753
0.317561
0.360681
0.264030
0.399651
0.815873
0.259536
0.178727
0.150775
0.092773
0.996931
0.386822
0.947947
0.697084
0.030250
0.539082
0.977634
0.022753
0.357192
0.164843
0.487363
0.479257
0.840474
0.815081
0.129971
0.763583
0.602856
0.869534
0.690644
0.858757
0.617469
0.632899
0.321790
0.383944
0.618460
0.345085
0.410710
0.921109
0.456952
0.730527
0.205085
0.943238
0.027310
0.711569
0.321282
0.969124
0.888725
0.910899
0.260462
0.569715
0.707107
0.568061
0.057508
0.851023
0.642295
0.495013
0.187764
0.038597
0.805572
0.695764
0.856585
0.788561
0.912501
0.275060
0.796700
0.850206
0.256069
0.261139
0.698387
0.705155
0.125140
0.967547
0.397465
0.808084
0.793232
0.519020
0.946089
0.054007
0.202591
0.166422
0.691368
0.097123
0.468591
0.015749
0.486790
0.146227
0.329438
0.796200
0.161458
0.861684
0.666193
0.292297
0.372143
0.978962
0.218100
0.065087
0.963145
0.283731
0.618233
0.087387
0.958972
0.563520
0.874452
0.918105
0.314827
0.160945
0.420672
0.040620
0.549907
0.753491
0.863449
0.990220
0.388518
0.984859
0.548868
0.895605
0.534001
0.572878
0.074756
0.059460
0.700468
0.518977
0.873197
0.203077
0.027356
0.044219
0.988368
0.000049
0.001790
0.876900
0.174680
0.524024
0.013755
0.516710
0.440238
0.235523
0.669087
0.100453
0.160608
0.132816
0.985276
0.494334
0.887901
0.691863
0.595075
0.237807
0.980166
0.220324
0.082928
0.963984
0.176099
0.250616
0.579207
0.921608
0.240059
0.597049
0.737266
0.223588
0.802405
0.702017
0.218300
0.447098
0.520136
0.896247
0.809023
0.210234
0.682851
0.198121
0.297159
0.350241
0.389016
0.277051
0.229735
0.328294
0.417549
0.205923
0.679203
0.485850
0.919712
0.627600
0.142360
0.777553
0.056319
0.960486
0.697089
0.605710
0.705257
0.268159
0.541909
0.381328
0.364314
0.418061
0.043337
0.436706
0.374328
0.154250
0.416067
0.914599
0.587642
0.709219
0.160956
0.258941
0.606873
0.579772
0.385823
0.932129
0.718994
0.091970
0.134066
0.983869
0.649732
0.380129
0.846087
0.096591
0.263269
0.404891
0.078529
0.732417
0.332266
0.635352
0.606325
0.006696
0.503196
0.020252
0.032567
0.913107
0.581982
0.873229
0.031175
0.525313
0.264962
0.297137
0.347392
0.800187
0.440154
0.772424
0.681078
0.607595
0.183838
0.534572
0.577828
0.611749
0.577452
0.365606
0.452898
0.629108
0.469798
0.424652
0.872940
0.087860
0.309564
0.742574
0.220554
0.213951
0.173152
0.005659
0.866653
0.568685
0.112825
0.253378
0.975637
0.562884
0.950164
0.115196
0.068382
0.572611
0.639837
0.211451
0.468040
0.281452
0.328682
0.343302
0.753654
0.874371
0.235099
0.096727
0.346582
0.708111
0.473760
0.485589
0.354737
0.083173
0.950627
0.258769
0.799634
0.742350
0.453284
0.496354
0.351259
0.720822
0.061583
0.119894
0.695741
0.172820
0.003599
0.941715
0.660839
0.799846
0.081899
0.878300
0.224248
0.505457
0.795128
0.952730
0.529707
0.901619
0.279900
0.711187
0.035928
0.291607
0.198005
0.678522
0.923333
0.754489
0.693931
0.477883
0.883605
0.956151
0.547694
0.239407
0.417050
0.311901
0.647983
0.922972
0.762776
0.125629
0.910617
0.180016
0.586678
0.330525
0.767315
0.379416
0.552241
0.456368
0.349777
0.422425
0.899152
0.448375
0.494081
0.971681
0.154725
0.962605
0.690385
0.719271
0.103143
0.762939
0.102954
0.318861
0.137505
0.844611
0.785484
0.606887
0.119689
0.909305
0.216752
0.737806
0.873032
0.816818
0.281572
0.858419
0.432813
0.638281
0.822063
0.946243
0.179558
0.935943
0.884232
0.436957
0.980152
0.894522
0.784869
0.265904
0.461762
0.929112
0.123752
0.948657
0.543581
0.394658
0.866171
0.325649
0.351374
0.021989
0.620754
0.595865
0.639841
0.705417
0.237616
0.264593
0.847797
0.266895
0.851814
0.630244
0.911157
0.821746
0.497118
0.435228
0.958738
0.370939
0.415093
0.305899
0.015871
0.244943
0.184490
0.606553
0.840828
0.024137
0.795957
0.332500
0.019061
0.560778
0.797059
0.667192
0.440250
0.727543
0.632606
0.828411
0.283169
0.517618
0.305301
0.828527
0.633361
0.121369
0.481695
0.773811
0.858625
0.604554
0.168458
0.327816
0.867320
0.813114
0.083962
0.963818
0.374474
0.129521
0.850171
0.631321
0.300712
0.705686
0.129852
0.461621
0.428996
0.797432
0.834095
0.137436
0.444173
0.825529
0.525142
0.551597
0.480338
0.788293
0.139534
0.379804
0.301013
0.650746
0.156566
0.192440
0.237132
0.335336
0.337060
0.730451
0.007844
0.939226
0.157441
0.970287
0.549125
0.803139
0.064138
0.602906
0.975204
0.056768
0.673288
0.551839
0.797802
0.265752
0.040755
0.155324
0.528182
0.805207
0.127464
0.637491
0.787011
0.584824
0.585042
0.493619
0.047041
0.750535
0.986780
0.414452
0.133590
0.987727
0.628898
0.374580
0.607848
0.051033
0.027131
0.509875
0.157987
0.145679
0.233618
0.409000
0.123092
0.785391
0.099117
0.443976
0.274891
0.751872
0.605517
0.764804
0.982315
0.780833
0.393673
0.583165
0.883854
0.599594
0.611551
0.370168
0.192735
0.941244
0.207687
0.593168
0.759914
0.160359
0.794951
0.616647
0.019871
0.075293
0.209633
0.392152
0.944225
0.662024
0.890838
0.562302
0.128165
0.224562
0.205191
0.603851
0.134679
0.666923
0.841855
0.634820
0.221613
0.491666
0.402870
0.510688
0.576529
0.149986
0.313789
0.834645
0.184385
0.368379
0.179640
0.506907
0.453019
0.076864
0.711195
0.438098
0.721452
0.563764
0.346551
0.051689
0.776004
0.482058
0.693024
0.200504
0.499212
0.332290
0.914360
0.122284
0.776579
0.047040
0.188248
0.059317
0.786113
0.301963
0.359157
0.167132
0.795701
0.178382
0.911480
0.337247
0.593278
0.802450
0.387989
0.558990
0.674817
0.585875
0.378606
0.445378
0.315131
0.693202
0.204484
0.548056
0.646486
0.360662
0.422403
0.086303
0.870023
0.691581
0.274477
0.715096
0.725004
0.553355
0.208171
0.957242
0.340855
0.200983
0.591636
0.924566
0.597034
0.252165
0.749353
0.953167
0.115704
0.638964
0.443087
0.777737
0.012224
0.161026
0.923160
0.869933
0.528447
0.265367
0.675034
0.565824
0.673836
0.677720
0.986201
0.607395
0.999387
0.510444
0.458393
0.723108
0.629370
0.472000
0.590102
0.872538
0.675879
0.802982
0.554409
0.780060
0.161192
0.563718
0.297133
0.382603
0.572952
0.898429
0.080284
0.816468
0.177153
0.900949
0.595836
0.568207
0.213938
0.707016
0.774804
0.414563
0.101218
0.438114
0.416645
0.776473
0.771092
0.621887
0.763960
0.112139
0.264091
0.714109
0.147516
0.974152
0.706222
0.347220
0.826576
0.355685
0.793839
0.930424
0.149547
0.950748
0.911312
0.226352
0.159933
0.953504
0.006518
0.529277
0.772608
0.021647
0.349144
0.069907
0.645394
0.028842
0.296796
0.271728
0.870961
0.231234
0.193928
0.483917
0.614029
0.473010
0.528580
0.815814
0.818890
0.056028
0.471925
0.697953
0.112240
0.898512
0.925639
0.794666
0.026322
0.607799
0.202071
0.893241
0.667385
0.092166
0.462234
0.394642
0.954454
0.336697
0.036603
0.030797
0.553407
0.968233
0.753734
0.433444
0.631376
0.234374
0.401684
0.179543
0.556452
0.021542
0.447251
0.938247
0.667701
0.537113
0.138026
0.344439
0.240501
0.280610
0.112257
0.223827
0.772184
0.928951
0.641520
0.794605
0.712992
0.760772
0.631214
0.470678
0.767349
0.244802
0.503856
0.891444
0.890443
0.417306
0.090197
0.803144
0.105117
0.673586
0.653148
0.416772
0.264080
0.598554
0.169518
0.867543
0.882426
0.461351
0.994565
0.400937
0.165463
0.999049
0.034356
0.910289
0.356860
0.114398
0.550947
0.450951
0.532105
0.112644
0.725373
0.356017
0.962272
0.102409
0.103440
0.578607
0.173104
0.185631
0.049348
0.885713
0.824410
0.061568
0.332110
0.528611
0.534766
0.669866
0.969797
0.014834
0.776540
0.497688
0.456579
0.606704
0.966225
0.175902
0.497600
0.171434
0.875076
0.989337
0.376642
0.007786
0.485075
0.926103
0.081624
0.274292
0.415198
0.890962
0.312895
0.644043
0.042993
0.707778
0.499351
0.811032
0.446481
0.536013
0.947360
0.473070
0.291359
0.326300
0.247500
0.416252
0.788522
0.940069
0.064110
0.325998
0.846890
0.558236
0.432653
0.949647
0.546559
0.003963
0.689893
0.235619
0.057255
0.604467
0.161882
0.074136
0.127103
0.216907
0.734760
0.264509
0.266710
0.043317
0.433370
0.333984
0.753558
0.859617
0.132685
0.833154
0.581713
0.283675
0.527041
0.732930
0.481846
0.707439
0.482194
0.548077
0.136559
0.518123
0.895180
0.812310
0.716036
0.233470
0.186990
0.529958
0.858996
0.176058
0.553060
0.229182
0.223965
0.311689
0.096574
0.241764
0.735856
0.876820
0.969570
0.834453
0.652866
0.420076
0.646875
0.816874
0.578679
0.882813
0.457835
0.251002
0.544990
0.343743
0.500872
0.887198
0.289334
0.052634
0.065844
0.951805
0.853232
0.378054
0.689221
0.911309
0.625649
0.294197
0.967074
0.838062
0.956760
0.031753
0.250876
0.002566
0.467035
0.517856
0.351115
0.317320
0.176632
0.230085
0.373719
0.257235
0.580107
0.089532
0.814297
0.881599
0.791429
0.017928
0.035183
0.582619
0.884316
0.783838
0.250310
0.185516
0.552876
0.762911
0.142876
0.025182
0.217566
0.237202
0.240836
0.624410
0.701464
0.858544
0.175205
0.598672
0.601846
0.900995
0.946168
0.412470
0.482084
0.927339
0.322007
0.612246
0.008851
0.494653
0.495839
0.160855
0.159642
0.523938
0.125166
0.498599
0.625607
0.958805
0.879242
0.955824
0.534692
0.338236
0.619243
0.142084
0.620099
0.908395
0.336261
0.936858
0.959055
0.898509
0.972101
0.706840
0.406892
0.585808
0.247894
0.374784
0.851447
0.774534
0.625527
0.964915
0.412761
0.313998
0.526875
0.249903
0.713104
0.280718
0.935859
0.124395
0.342309
0.449607
0.508303
0.330114
0.643408
0.679224
0.314613
0.157522
0.943599
0.836096
0.340264
0.749039
0.355507
0.883091
0.869102
0.628827
0.273775
0.756866
0.874457
0.084145
0.691948
0.659364
0.543068
0.023250
0.464688
0.388385
0.056821
0.934875
0.640292
0.332215
0.757302
0.574264
0.988522
0.753313
0.818158
0.000768
0.848750
0.986071
0.550273
0.592005
0.423417
0.173625
0.464757
0.659585
0.641800
0.168738
0.218747
0.291393
0.719095
0.223738
0.569020
0.045437
0.535813
0.094525
0.458419
0.120258
0.962485
0.183636
0.360090
0.626904
0.254683
0.347372
0.004534
0.587465
0.643349
0.991994
0.614471
0.285168
0.245445
0.083971
0.772513
0.591040
0.419906
0.699302
0.046655
0.892130
0.693908
0.736893
0.498576
0.246294
0.384454
0.420995
0.199749
0.388541
0.040270
0.217713
0.880370
0.213947
0.829003
0.790570
0.836096
0.362124
0.994752
0.620136
0.217594
0.528256
0.510892
0.912719
0.827906
0.125698
0.053220
0.423120
0.552622
0.925136
0.418416
0.816449
0.547872
0.295307
0.512808
0.194002
0.311127
0.670288
0.036455
0.408207
0.759806
0.868342
0.987544
0.791623
0.442710
0.887325
0.112094
0.925009
0.009254
0.801666
0.423977
0.069452
0.061521
0.385893
0.920251
0.887560
0.514126
0.089740
0.616801
0.078714
0.586889
0.989799
0.029300
0.553384
0.555323
0.342748
0.224477
0.771511
0.383939
0.365134
0.566698
0.869944
0.367356
0.864721
0.284862
0.203949
0.904227
0.348401
0.984609
0.927771
0.528976
0.231664
0.230834
0.239265
0.326354
0.774636
0.325528
0.913587
0.853797
0.369677
0.405914
0.750947
0.696603
0.805538
0.987908
0.563429
0.780921
0.133086
0.079891
0.325864
0.569553
0.757588
0.991785
0.115777
0.265563
0.382562
0.964452
0.467388
0.148710
0.430180
0.744399
0.764678
0.169678
0.563250
0.228800
0.298520
0.927133
0.933742
0.305825
0.612869
0.152582
0.782892
0.015286
0.765016
0.828053
0.017860
0.154594
0.124904
0.061580
0.389953
0.455028
0.338508
0.845505
0.899410
0.453318
0.080277
0.822592
0.051747
0.183538
0.219635
0.184949
0.590673
0.814317
0.026551
0.830773
0.332557
0.356351
0.041164
0.903895
0.727468
0.565244
0.232478
0.841145
0.771768
0.164644
0.071114
0.052529
0.897274
0.514707
0.141128
0.359215
0.461984
0.850863
0.915887
0.314337
0.467355
0.217897
0.323012
0.531605
0.127159
0.224349
0.723385
0.146733
0.912885
0.742214
0.929208
0.536676
0.700719
0.676964
0.886140
0.421681
0.645073
0.932885
0.644483
0.475150
0.403687
0.698714
0.244439
0.566318
0.339287
0.178600
0.140423
0.760739
0.322810
0.893373
0.789447
0.203586
0.763184
0.677126
0.028555
0.010768
0.488681
0.494110
0.866333
0.292851
0.104826
0.200940
0.313471
0.436800
0.453867
0.379116
0.877394
0.770528
0.800814
0.362851
0.345955
0.735261
0.371032
0.587223
0.485184
0.690711
0.864407
0.381624
0.276109
0.478067
0.571064
0.333534
0.315633
0.865793
0.713652
0.347605
0.006474
0.003244
0.641196
0.525048
0.161174
0.007092
0.499502
0.988349
0.645159
0.805560
0.003135
0.776282
0.683873
0.365478
0.933949
0.934243
0.458964
0.427143
0.991187
0.924897
0.618546
0.871997
0.618142
0.484130
0.326506
0.848112
0.430379
0.047324
0.475890
0.778495
0.870518
0.870936
0.691341
0.377197
0.714586
0.974390
0.745605
0.798244
0.054922
0.027292
0.015094
0.042369
0.384656
0.306940
0.599520
0.746567
0.408736
0.851163
0.730581
0.481459
0.206534
0.931463
0.094719
0.681464
0.371000
0.971471
0.694934
0.332789
0.749388
0.035719
0.876663
0.544232
0.410540
0.013720
0.142725
0.125792
0.463735
0.624362
0.382319
0.300098
0.354094
0.365619
0.139096
0.671642
0.259562
0.534566
0.543282
0.578837
0.214433
0.442712
0.532876
0.953874
0.584455
0.951648
0.988899
0.815401
0.518488
0.453998
0.409713
0.519011
0.001724
0.424695
0.749399
0.890543
0.135476
0.667559
0.045198
0.367193
0.268524
0.382191
0.459014
0.271441
0.605025
0.176183
0.357984
0.342793
0.913986
0.147636
0.059103
0.652325
0.965297
0.162992
0.862918
0.025051
0.317334
0.455177
0.001281
0.095098
0.081114
0.667062
0.124165
0.118694
0.286019
0.465229
0.950542
0.669967
0.472084
0.849055
0.708328
0.344562
0.133838
0.280103
0.988383
0.596064
0.640724
0.756836
0.637579
0.830235
0.259061
0.959628
0.315929
0.882070
0.900587
0.591104
0.342780
0.000654
0.222553
0.036778
0.457061
0.466844
0.704386
0.471016
0.116609
0.968750
0.325907
0.533298
0.961538
0.860044
0.472120
0.699809
0.066687
0.426066
0.689559
0.475325
0.608122
0.282755
0.919197
0.530428
0.568701
0.033384
0.830919
0.909018
0.107706
0.308112
0.884560
0.431150
0.219529
0.311349
0.742496
0.416178
0.306434
0.001927
0.658812
0.851209
0.290365
0.031094
0.470020
0.129878
0.888832
0.563311
0.812344
0.486422
0.679845
0.104867
0.190569
0.250084
0.580927
0.465303
0.523453
0.044811
0.367172
0.976652
0.790695
0.059281
0.853378
0.095490
0.406473
0.512231
0.365238
0.512798
0.944545
0.438102
0.124595
0.896637
0.839900
0.917995
0.173755
0.392640
0.691991
0.880945
0.463868
0.007309
0.794512
0.600497
0.732373
0.999130
0.516752
0.011605
0.794493
0.402497
0.161499
0.972837
0.873810
0.809454
0.924519
0.598896
0.596891
0.534243
0.580586
0.788450
0.276976
0.285665
0.521082
0.072277
0.111739
0.472263
0.768157
0.906725
0.920097
0.265302
0.590452
0.537476
0.043094
0.544577
0.345383
0.558634
0.033839
0.852019
0.172990
0.292116
0.761515
0.478127
0.166344
0.112358
0.554437
0.806205
0.643526
0.841338
0.007190
0.039409
0.146155
0.338907
0.076814
0.435616
0.789491
0.413430
0.093062
0.175094
0.589092
0.177750
0.307713
0.985995
0.389038
0.975448
0.607953
0.652652
0.016715
0.002436
0.018816
0.531697
0.289166
0.748843
0.619688
0.200981
0.495995
0.386225
0.499872
0.366317
0.983848
0.225085
0.378220
0.151029
0.467439
0.367704
0.511822
0.893313
0.692155
0.681288
0.518759
0.576419
0.073212
0.216421
0.739923
0.016631
0.936379
0.195838
0.764891
0.934075
0.985265
0.698504
0.746873
0.031329
0.620162
0.164013
0.131708
0.204849
0.733461
0.842289
0.425936
0.014206
0.606617
0.313611
0.628928
0.534140
0.533695
0.203943
0.954070
0.714422
0.796455
0.220577
0.464026
0.372527
0.616024
0.633091
0.245047
0.944126
0.706110
0.324621
0.745354
0.116385
0.052791
0.538440
0.902580
0.469080
0.545863
0.444852
0.685270
0.248519
0.086748
0.653402
0.673450
0.399285
0.797968
0.795395
0.303257
0.978783
0.959181
0.301725
0.400629
0.079605
0.294776
0.501023
0.629057
0.384707
0.238038
0.163111
0.476405
0.480392
0.796863
0.612775
0.405787
0.052120
0.646051
0.538844
0.795508
0.088112
0.071150
0.623587
0.293069
0.215781
0.388864
0.117417
0.208233
0.295968
0.469031
0.483913
0.570154
0.399996
0.983154
0.240152
0.473569
0.294528
0.004500
0.117353
0.339048
0.559248
0.584760
0.666832
0.712318
0.462346
0.932271
0.436275
0.227635
0.718820
0.816803
0.841319
0.360227
0.256591
0.825906
0.857444
0.592801
0.115424
0.097818
0.657183
0.621106
0.603670
0.155941
0.317641
0.223564
0.837818
0.469874
0.723326
0.419960
0.789853
0.368010
0.789294
0.544195
0.967439
0.926698
0.129606
0.856106
0.851899
0.460966
0.296100
0.317343
0.219024
0.241805
0.712466
0.156307
0.467680
0.065015
0.428650
0.847161
0.081236
0.296618
0.820553
0.127890
0.346804
0.019831
0.360056
0.682432
0.457288
0.908597
0.580347
0.111872
0.121246
0.452688
0.361572
0.819692
0.805569
0.159360
0.661785
0.436090
0.735967
0.356582
0.818224
0.406357
0.780270
0.222814
0.543887
0.368319
0.339542
0.668358
0.744432
0.943844
0.372007
0.693270
0.280379
0.569404
0.674785
0.846831
0.799634
0.990703
0.548445
0.413581
0.765318
0.046377
0.969370
0.950917
0.803914
0.365735
0.394928
0.803255
0.498721
0.605589
0.326464
0.217751
0.753625
0.851122
0.755099
0.686588
0.852183
0.805834
0.615344
0.140819
0.337015
0.395546
0.371526
0.620784
0.834511
0.411468
0.862026
0.048077
0.949852
0.817323
0.526329
0.724084
0.357340
0.345543
0.139890
0.180080
0.211046
0.007520
0.181804
0.003889
0.000763
0.142924
0.960303
0.268107
0.978279
0.633083
0.621048
0.184885
0.278957
0.903420
0.163247
0.612281
0.863628
0.339962
0.588582
0.037166
0.405802
0.744904
0.307942
0.659700
0.249186
0.456237
0.930979
0.204364
0.560515
0.756442
0.563468
0.082561
0.802695
0.195241
0.737487
0.531771
0.653265
0.451416
0.099399
0.356281
0.493163
0.358686
0.980657
0.894462
0.590808
0.720649
0.976417
0.837625
0.106495
0.539787
0.656964
0.525425
0.042103
0.285531
0.536946
0.342834
0.261114
0.826390
0.427432
0.843679
0.703944
0.651144
0.295771
0.225741
0.923588
0.004094
0.758265
0.782409
0.066578
0.559384
0.330666
0.955907
0.424254
0.259376
0.561465
0.617079
0.679340
0.942091
0.173018
0.196737
0.972845
0.382717
0.335460
0.293568
0.916266
0.374170
0.198453
0.383610
0.674111
0.471728
0.805730
0.256287
0.241728
0.026719
0.517460
0.802004
0.043450
0.134274
0.065428
0.776309
0.976054
0.120149
0.366017
0.165617
0.022527
0.191598
0.216012
0.779492
0.561153
0.877316
0.996213
0.694497
0.494902
0.881446
0.507861
0.174603
0.326142
0.976642
0.066877
0.693163
0.301655
0.561196
0.980910
0.681445
0.752970
0.505237
0.534202
0.628732
0.757009
0.910977
0.605265
0.158981
0.242043
0.412031
0.042367
0.709045
0.663960
0.636798
0.921835
0.433459
0.377849
0.460895
0.814167
0.960789
0.829895
0.673671
0.182956
0.626538
0.694583
0.683765
0.041632
0.807624
0.082221
0.888739
0.993011
0.983411
0.941771
0.333769
0.776659
0.148308
0.783992
0.284397
0.449064
0.200931
0.849898
0.338351
0.321630
0.934823
0.849529
0.701420
0.781475
0.255738
0.396030
0.252398
0.120043
0.250495
0.260048
0.022086
0.494532
0.732381
0.569440
0.711361
0.147132
0.888127
0.079287
0.873303
0.007074
0.651443
0.637232
0.384385
0.800495
0.428116
0.969124
0.829731
0.793115
0.797669
0.909970
0.427429
0.290720
0.816584
0.205210
0.116911
0.022470
0.548088
0.007297
0.436395
0.532006
0.443499
0.192590
0.814387
0.701380
0.200139
0.623565
0.900251
0.532791
0.720804
0.481328
0.558832
0.313136
0.799799
0.793456
0.154156
0.286376
0.160537
0.282132
0.747173
0.958707
0.469700
0.657611
0.832585
0.161551
0.952960
0.481981
0.239716
0.997359
0.237264
0.728252
0.822457
0.793220
0.044683
0.159747
0.563269
0.187288
0.362821
0.654809
0.716253
0.473023
0.716788
0.601822
0.614273
0.326237
0.167736
0.489543
0.765151
0.039964
0.662955
0.817744
0.861919
0.392128
0.362534
0.453172
0.332140
0.271037
0.567586
0.555817
0.051279
0.183682
0.875027
0.200496
0.845153
0.771848
0.183931
0.818744
0.406428
0.461045
0.178434
0.586024
0.250190
0.367241
0.912213
0.879245
0.333570
0.586416
0.119513
0.929595
0.964441
0.991924
0.877752
0.795684
0.624164
0.664669
0.246678
0.782004
0.329413
0.081093
0.509092
0.427696
0.158047
0.183977
0.638132
0.190632
0.564054
0.461056
0.616124
0.951810
0.106558
0.156441
0.229986
0.465062
0.217880
0.739862
0.968210
0.877074
0.635669
0.758713
0.644387
0.442714
0.124096
0.197920
0.372312
0.560681
0.109104
0.472618
0.517640
0.254460
0.852725
0.178631
0.251113
0.223594
0.791463
0.725784
0.328339
0.590259
0.663731
0.979007
0.721145
0.466169
0.051356
0.032265
0.725485
0.464774
0.960145
0.240297
0.170913
0.283784
0.064516
0.633165
0.356616
0.483001
0.241187
0.838616
0.339016
0.582460
0.016933
0.637263
0.195928
0.605891
0.555397
0.275567
0.892281
0.194487
0.807975
0.661641
0.372405
0.415981
0.453754
0.568864
0.503879
0.394050
0.253515
0.972305
0.497939
0.883012
0.442804
0.642962
0.431454
0.912854
0.789054
0.124812
0.495458
0.629558
0.937784
0.219677
0.595249
0.455748
0.672847
0.104895
0.927050
0.696649
0.715749
0.208814
0.156229
0.716352
0.689027
0.969088
0.822088
0.809399
0.868693
0.598793
0.594206
0.892677
0.350733
0.985351
0.005355
0.142627
0.256678
0.847270
0.285966
0.702758
0.603231
0.273694
0.925170
0.586486
0.460957
0.771765
0.583392
0.900272
0.027041
0.946802
0.981512
0.512084
0.237100
0.940287
0.391589
0.290165
0.541064
0.750664
0.354145
0.037113
0.468118
0.561957
0.247011
0.244279
0.605703
0.205192
0.330741
0.791471
0.617587
0.877635
0.895583
0.716975
0.925990
0.244848
0.135011
0.182887
0.682777
0.050546
0.370829
0.760758
0.654711
0.359274
0.254824
0.162549
0.647772
0.556899
0.571995
0.541904
0.095532
0.233908
0.270334
0.490727
0.436600
0.076520
0.342176
0.856081
0.906122
0.890616
0.182106
0.502395
0.366352
0.883472
0.046436
0.143980
0.801278
0.328315
0.239239
0.372863
0.100313
0.736682
0.649942
0.006933
0.756052
0.663598
0.267493
0.883396
0.101085
0.270564
0.296079
0.222544
0.708876
0.771358
0.497414
0.686840
0.583708
0.885646
0.384583
0.260310
0.764684
0.425413
0.892456
0.073251
0.968793
0.139195
0.149660
0.297250
0.898039
0.939134
0.977110
0.235515
0.835637
0.635839
0.738114
0.733523
0.156260
0.306065
0.165027
0.034975
0.375359
0.418197
0.787475
0.208062
0.362542
0.840554
0.587142
0.267056
0.344015
0.857500
0.504116
0.114193
0.319085
0.318372
0.419800
0.426891
0.515729
0.044217
0.241385
0.615261
0.510220
0.617343
0.712884
0.974944
0.635818
0.678681
0.577729
0.160255
0.305529
0.857964
0.717933
0.102638
0.873914
0.461712
0.894814
0.499436
0.662974
0.044035
0.716275
0.997975
0.777088
0.985245
0.455657
0.199956
0.332021
0.203283
0.347146
0.611166
0.722983
0.122953
0.982746
0.661490
0.556765
0.027981
0.435817
0.920253
0.872927
0.920871
0.736168
0.631856
0.279055
0.015583
0.321720
0.696737
0.625070
0.988023
0.091730
0.222640
0.841618
0.109341
0.686572
0.771199
0.567500
0.387046
0.619089
0.424826
0.191186
0.838933
0.882501
0.798927
0.931373
0.024817
0.659875
0.124414
0.581619
0.961088
0.760167
0.525543
0.544035
0.543073
0.405814
0.618051
0.777033
0.600212
0.996895
0.552623
0.282149
0.709043
0.476855
0.628653
0.754919
0.889009
0.924791
0.603329
0.024820
0.306066
0.999296
0.821029
0.909276
0.109112
0.858873
0.288026
0.106720
0.524222
0.183905
0.817510
0.753729
0.331703
0.925193
0.369914
0.271210
0.850952
0.404051
0.713569
0.124658
0.558139
0.388966
0.530649
0.123470
0.461687
0.773823
0.093450
0.884323
0.360580
0.482689
0.635968
0.083619
0.110470
0.226159
0.545792
0.123986
0.022610
0.734270
0.501316
0.839844
0.520583
0.090969
0.679253
0.867038
0.179864
0.795153
0.157470
0.301524
0.275172
0.173261
0.638134
0.272127
0.960654
0.768441
0.616165
0.052353
0.207869
0.331266
0.118008
0.336275
0.626591
0.037024
0.135716
0.303466
0.293422
0.554562
0.881342
0.098011
0.713214
0.591700
0.986646
0.346567
0.038315
0.542199
0.773120
0.340494
0.670611
0.859303
0.717311
0.507048
0.371396
0.780827
0.236474
0.794633
0.004046
0.030828
0.919523
0.597119
0.034503
0.122817
0.328304
0.842220
0.914584
0.889553
0.494176
0.868933
0.473085
0.864387
0.234904
0.719048
0.439715
0.139170
0.416870
0.467707
0.226830
0.323729
0.287588
0.218040
0.093983
0.231902
0.003540
0.384850
0.820289
0.919132
0.478316
0.892373
0.009603
0.696634
0.676075
0.911089
0.153503
0.747109
0.475314
0.758603
0.577095
0.967036
0.227948
0.589589
0.392624
0.660518
0.138706
0.499790
0.585902
0.709689
0.589838
0.669086
0.360543
0.846691
0.536134
0.168622
0.865019
0.652207
0.095256
0.057003
0.427515
0.905559
0.458385
0.390542
0.423616
0.911367
0.246172
0.772582
0.901783
0.427774
0.435014
0.066871
0.091665
0.821229
0.978635
0.900005
0.920203
0.072836
0.249974
0.577934
0.660563
0.261264
0.428402
0.041523
0.838869
0.147218
0.957234
0.486186
0.523757
0.484477
0.196563
0.270575
0.123738
0.682490
0.396408
0.739335
0.817372
0.445536
0.115166
0.584918
0.741258
0.013446
0.208382
0.373467
0.060832
0.628890
0.512837
0.859752
0.048986
0.856225
0.350935
0.716175
0.297487
0.376903
0.980413
0.300839
0.186220
0.886443
0.114364
0.089677
0.735238
0.717969
0.636562
0.397638
0.964622
0.817309
0.637113
0.013947
0.887162
0.694647
0.893408
0.376419
0.258840
0.977757
0.921394
0.909838
0.212136
0.191778
0.722157
0.153398
0.897137
0.390569
0.348815
0.302207
0.255464
0.264614
0.418724
0.787855
0.052012
0.350498
0.696001
0.523039
0.289500
0.966942
0.869354
0.435261
0.130831
0.502397
0.650225
0.914574
0.454273
0.679209
0.316250
0.800405
0.166445
0.419340
0.825026
0.532429
0.398115
0.936649
0.623196
0.090516
0.707819
0.680748
0.275841
0.348727
0.418282
0.757404
0.041186
0.468390
0.210658
0.450517
0.515623
0.955220
0.101582
0.470652
0.474041
0.005515
0.928029
0.555138
0.030471
0.766411
0.464996
0.044730
0.244044
0.135195
0.300986
0.061827
0.295256
0.722685
0.596309
0.915263
0.357556
0.605674
0.849198
0.356647
0.289239
0.493430
0.794731
0.313282
0.270649
0.933265
0.561573
0.722632
0.511704
0.180163
0.211523
0.093358
0.154724
0.355470
0.786880
0.417915
0.497578
0.519653
0.990619
0.061717
0.662140
0.284110
0.624377
0.253853
0.833058
0.587051
0.909257
0.804375
0.191838
0.258444
0.814437
0.673148
0.671236
0.999011
0.518600
0.015255
0.654967
0.398300
0.129170
0.327976
0.747722
0.616814
0.784362
0.324317
0.740505
0.357197
0.263048
0.158111
0.896272
0.749496
0.227431
0.625679
0.680891
0.775470
0.223533
0.969049
0.064411
0.856974
0.564498
0.905745
0.517644
0.233395
0.221701
0.510134
0.829059
0.753165
0.848678
0.571332
0.866989
0.704316
0.062863
0.052682
0.412154
0.309118
0.110139
0.277787
0.185486
0.507766
0.037197
0.468108
0.196280
0.656135
0.496722
0.257122
0.535649
0.762596
0.310368
0.806048
0.740291
0.888897
0.914570
0.146131
0.851575
0.340099
0.814152
0.372487
0.294934
0.268587
0.168754
0.314519
0.704569
0.317133
0.637067
0.307883
0.818475
0.926021
0.603892
0.693027
0.568768
0.929247
0.914992
0.665289
0.492328
0.064765
0.244779
0.101555
0.586764
0.023809
0.221795
0.988483
0.736674
0.664266
0.437014
0.077289
0.835233
0.013125
0.459956
0.390092
0.726087
0.682974
0.987616
0.202825
0.090558
0.327570
0.251196
0.129711
0.405164
0.761468
0.805660
0.934293
0.094452
0.368710
0.827096
0.692037
0.004144
0.425582
0.042894
0.929486
0.319588
0.962427
0.419729
0.364988
0.054536
0.789527
0.734367
0.875978
0.235219
0.312044
0.152277
0.317829
0.904745
0.759020
0.939055
0.819257
0.072806
0.451450
0.429663
0.179299
0.735695
0.734405
0.380483
0.990845
0.091641
0.198227
0.829174
0.115735
0.076452
0.813781
0.587354
0.136422
0.344473
0.606772
0.491083
0.409194
0.819855
0.496125
0.534169
0.343956
0.943136
0.921425
0.009278
0.535583
0.738136
0.884420
0.781858
0.371824
0.824166
0.029591
0.821883
0.742781
0.498546
0.388776
0.118399
0.476939
0.014435
0.414866
0.101889
0.128765
0.178981
0.929557
0.699448
0.742871
0.396771
0.610164
0.147772
0.219734
0.283607
0.640506
0.688960
0.907980
0.975583
0.150840
0.274123
0.048235
0.258484
0.071870
0.399816
0.693533
0.642489
0.027814
0.202270
0.731289
0.507193
0.893527
0.934449
0.631833
0.441937
0.640699
0.950906
0.548511
0.906456
0.098105
0.325466
0.394342
0.336833
0.250923
0.226710
0.520242
0.821768
0.704114
0.176277
0.619809
0.474164
0.934858
0.314977
0.485670
0.623018
0.959066
0.801717
0.242392
0.950627
0.036939
0.470238
0.680955
0.700112
0.042603
0.868670
0.319785
0.078248
0.122795
0.806888
0.817355
0.978604
0.269621
0.536697
0.361341
0.150010
0.432370
0.689811
0.659350
0.935316
0.793395
0.098661
0.156200
0.705480
0.833050
0.625004
0.102769
0.113963
0.808702
0.121350
0.101409
0.296431
0.272788
0.650201
0.752913
0.140781
0.254950
0.086101
0.030053
0.752469
0.733226
0.225500
0.002680
0.240152
0.019301
0.529430
0.539377
0.946654
0.682825
0.623989
0.610691
0.250226
0.639794
0.683650
0.818910
0.061132
0.029987
0.822367
0.779416
0.138546
0.508473
0.617504
0.978591
0.352753
0.576179
0.891572
0.733295
0.017677
0.574513
0.876783
0.876896
0.418702
0.969061
0.887406
0.796868
0.660827
0.547338
0.624953
0.448958
0.962117
0.155608
0.241158
0.972898
0.517475
0.599756
0.283784
0.534698
0.057722
0.335238
0.650232
0.020492
0.228993
0.571076
0.673969
0.206947
0.917445
0.412934
0.468767
0.033235
0.644274
0.670237
0.655753
0.599569
0.156048
0.952370
0.598270
0.517304
0.335354
0.678930
0.269556
0.235591
0.556750
0.629039
0.878232
0.969603
0.613040
0.654728
0.376601
0.855322
0.336851
0.183373
0.976761
0.955882
0.042532
0.134206
0.799533
0.744484
0.913358
0.873872
0.781199
0.688864
0.459050
0.836067
0.963051
0.562332
0.168610
0.430225
0.288755
0.106369
0.483461
0.864271
0.034529
0.669784
0.215905
0.506440
0.997126
0.449440
0.537897
0.411154
0.564640
0.957539
0.665121
0.633964
0.795119
0.340468
0.361388
0.960557
0.627986
0.174210
0.388343
0.674814
0.353282
0.361316
0.025483
0.990949
0.463716
0.754443
0.785489
0.774695
0.014527
0.131446
0.449873
0.178556
0.616159
0.147045
0.549933
0.816129
0.184752
0.886041
0.418023
0.100479
0.575441
0.643107
0.934133
0.371581
0.223470
0.554132
0.092789
0.437825
0.918116
0.704133
0.515252
0.156581
0.834430
0.336724
0.032047
0.678829
0.947788
0.790158
0.460786
0.982850
0.956248
0.784918
0.704318
0.321981
0.835736
0.687881
0.294187
0.211428
0.153026
0.378039
0.504394
0.579149
0.261542
0.338784
0.160490
0.705793
0.504978
0.601758
0.268960
0.578705
0.553713
0.167260
0.591937
0.284992
0.999058
0.526220
0.292220
0.068651
0.330304
0.908736
0.773602
0.676761
0.419584
0.884168
0.841523
0.619741
0.639550
0.937801
0.309016
0.970656
0.738861
0.649067
0.172988
0.328609
0.600484
0.096328
0.485792
0.571171
0.007807
0.113228
0.047129
0.020893
0.543565
0.021600
0.041249
0.650868
0.746579
0.465938
0.744478
0.954360
0.651305
0.974435
0.428040
0.103499
0.835198
0.871579
0.581213
0.022031
0.098889
0.167313
0.579774
0.997135
0.904171
0.047757
0.924780
0.455304
0.694803
0.592496
0.176641
0.527286
0.225121
0.343425
0.709521
0.027084
0.021462
0.350160
0.411041
0.470029
0.101407
0.317010
0.452298
0.754903
0.075829
0.476513
0.253202
0.135133
0.758754
0.814534
0.768115
0.104046
0.410042
0.271924
0.216811
0.819184
0.735871
0.547743
0.385747
0.690680
0.772041
0.129047
0.624640
0.758707
0.775085
0.172233
0.663365
0.484973
0.246193
0.860948
0.374162
0.583296
0.212957
0.865568
0.604156
0.514224
0.893915
0.529226
0.203187
0.268734
0.870916
0.405414
0.371956
0.065983
0.894298
0.772141
0.455480
0.590123
0.445874
0.747658
0.306866
0.391183
0.184736
0.632738
0.346388
0.075005
0.400861
0.104533
0.440885
0.907256
0.601547
0.886972
0.728465
0.456488
0.355643
0.522746
0.513530
0.901269
0.520602
0.871834
0.357099
0.626372
0.977348
0.961604
0.487462
0.733036
0.997947
0.813474
0.656131
0.088274
0.371095
0.871133
0.564113
0.538256
0.410426
0.655327
0.983488
0.910751
0.970616
0.270208
0.699309
0.431628
0.596313
0.386240
0.396802
0.180427
0.928878
0.324677
0.618894
0.209982
0.495930
0.868594
0.919038
0.955118
0.008715
0.425486
0.334360
0.555401
0.292277
0.166429
0.304117
0.716956
0.973448
0.766802
0.158465
0.738346
0.051652
0.373572
0.302542
0.325514
0.477511
0.424142
0.220863
0.820785
0.864280
0.941760
0.427024
0.470932
0.457077
0.932493
0.483727
0.359310
0.484938
0.508763
0.218107
0.627042
0.020680
0.364442
0.257377
0.608272
0.473577
0.226515
0.009788
0.504490
0.839847
0.908298
0.215898
0.222899
0.835951
0.589231
0.195151
0.003865
0.039712
0.946217
0.912774
0.462420
0.164237
0.761539
0.991983
0.668824
0.589653
0.632327
0.796505
0.893198
0.277664
0.406600
0.708406
0.639213
0.193908
0.970857
0.726238
0.591846
0.363138
0.014239
0.508497
0.104195
0.682205
0.394254
0.987389
0.848358
0.615863
0.729061
0.677916
0.255375
0.900383
0.841316
0.807268
0.369231
0.379973
0.678584
0.389530
0.739923
0.101022
0.335313
0.370704
0.980591
0.789148
0.801363
0.969037
0.613703
0.834063
0.062111
0.335671
0.831317
0.907247
0.175108
0.660595
0.794393
0.337437
0.948302
0.848915
0.096170
0.368928
0.844820
0.892439
0.014613
0.427687
0.739322
0.061572
0.178912
0.520277
0.150905
0.042516
0.275050
0.890596
0.577581
0.144800
0.415434
0.059428
0.557308
0.704103
0.797582
0.371808
0.080589
0.805403
0.276882
0.177193
0.979632
0.451433
0.478403
0.767457
0.919075
0.301451
0.072780
0.197684
0.613266
0.105322
0.841150
0.114789
0.895117
0.957912
0.154158
0.718938
0.261509
0.498794
0.490024
0.982790
0.520267
0.182271
0.616672
0.253544
0.163695
0.742704
0.062920
0.362808
0.093673
0.980159
0.503734
0.369267
0.323318
0.991363
0.684546
0.059179
0.280206
0.970976
0.509633
0.329670
0.336157
0.708167
0.919556
0.579853
0.188585
0.903515
0.182665
0.234746
0.718403
0.431215
0.225666
0.527018
0.949502
0.671593
0.628251
0.661535
0.734780
0.038942
0.906787
0.487726
0.793745
0.829666
0.712069
0.804756
0.726673
0.515737
0.566143
0.424516
0.630327
0.608464
0.763175
0.117426
0.940251
0.217574
0.059402
0.566042
0.124608
0.430608
0.777128
0.451489
0.854596
0.637630
0.947797
0.797694
0.276419
0.926242
0.119117
0.698440
0.009822
0.671919
0.451254
0.552227
0.498189
0.448652
0.727084
0.929950
0.335205
0.384907
0.901513
0.200384
0.193073
0.089893
0.814851
0.038490
0.977305
0.275145
0.695257
0.941521
0.833069
0.196418
0.075243
0.877956
0.628095
0.040892
0.747236
0.194233
0.537151
0.384695
0.383214
0.904298
0.353078
0.845735
0.443390
0.486976
0.149388
0.056841
0.998973
0.316138
0.919422
0.084223
0.093976
0.848697
0.817075
0.416240
0.271106
0.695401
0.624078
0.647483
0.886693
0.699455
0.068851
0.983169
0.839704
0.147937
0.621907
0.688850
0.339804
0.241047
0.392830
0.610429
0.339488
0.944148
0.753807
0.889494
0.255267
0.347635
0.314724
0.998962
0.602930
0.659609
0.874832
0.224037
0.171854
0.956367
0.975966
0.713480
0.363385
0.815699
0.682327
0.226188
0.318279
0.958006
0.211837
0.698090
0.458207
0.020221
0.044042
0.754358
0.066322
0.587552
0.129591
0.291920
0.531884
0.608029
0.826265
0.257295
0.883955
0.314869
0.186580
0.744740
0.239153
0.781652
0.221944
0.539702
0.788466
0.235310
0.768379
0.232591
0.948134
0.251923
0.578810
0.027861
0.299586
0.960339
0.266909
0.373407
0.943448
0.378596
0.727506
0.535267
0.892609
0.008161
0.658565
0.242645
0.129347
0.810980
0.809712
0.528242
0.951524
0.694342
0.582339
0.888902
0.232836
0.628557
0.606263
0.891567
0.222133
0.522439
0.917947
0.349548
0.506798
0.981611
0.365284
0.194106
0.765184
0.074618
0.863950
0.166347
0.933122
0.231852
0.130308
0.454428
0.409486
0.402288
0.515885
0.401080
0.925823
0.593040
0.568404
0.406435
0.705043
0.916719
0.944384
0.151175
0.534174
0.271611
0.298299
0.264986
0.376176
0.779668
0.773302
0.565330
0.145823
0.107303
0.718508
0.991523
0.274643
0.794008
0.257844
0.359135
0.689923
0.713777
0.335455
0.059693
0.832773
0.794348
0.862684
0.830701
0.340258
0.119248
0.591599
0.720976
0.016585
0.537662
0.340097
0.376285
0.718362
0.907105
0.193559
0.770310
0.778913
0.093912
0.308078
0.505911
0.596653
0.856538
0.940240
0.811713
0.012534
0.736672
0.328472
0.358998
0.101548
0.083162
0.050956
0.023913
0.003291
0.333755
0.485095
0.719987
0.416595
0.679644
0.993556
0.425966
0.383218
0.237837
0.461861
0.533959
0.985597
0.856327
0.812551
0.642889
0.583666
0.677084
0.120908
0.922269
0.215734
0.581854
0.957237
0.171279
0.788427
0.645774
0.580718
0.698164
0.680691
0.723794
0.609817
0.144940
0.386860
0.294921
0.794251
0.382412
0.823782
0.689266
0.513532
0.600508
0.927014
0.822907
0.627060
0.718923
0.161073
0.565567
0.300783
0.243077
0.568755
0.866099
0.435423
0.690380
0.984512
0.760792
0.321256
0.711822
0.036892
0.389478
0.144465
0.033859
0.565048
0.144463
0.970046
0.345625
0.074299
0.077263
0.826284
0.256453
0.855762
0.688154
0.515785
0.448702
0.395041
0.223537
0.778076
0.150904
0.694985
0.606113
0.428763
0.056223
0.137501
0.122871
0.100257
0.811221
0.509431
0.995889
0.209057
0.199943
0.817500
0.960949
0.774595
0.148308
0.517315
0.978958
0.714653
0.673821
0.781431
0.205193
0.242328
0.905588
0.431482
0.341346
0.989573
0.299650
0.159372
0.495390
0.482291
0.174629
0.662530
0.674254
0.591998
0.692681
0.318223
0.034313
0.589043
0.410769
0.021937
0.014686
0.422396
0.527244
0.814821
0.478350
0.850992
0.948739
0.925186
0.986068
0.051643
0.302378
0.849074
0.328126
0.328514
0.018292
0.094886
0.438882
0.549153
0.607455
0.217076
0.819131
0.932089
0.259824
0.763901
0.591280
0.810996
0.887801
0.764242
0.312340
0.000414
0.739999
0.378476
0.669720
0.388031
0.710327
0.338426
0.184846
0.378537
0.467379
0.801357
0.049583
0.814026
0.529149
0.243049
0.220476
0.995977
0.408043
0.014920
0.895800
0.433783
0.951216
0.190223
0.500423
0.944852
0.001215
0.324296
0.303480
0.731266
0.501935
0.753878
0.793866
0.058002
0.174889
0.060492
0.938532
0.157721
0.890792
0.322883
0.448600
0.987114
0.861454
0.783523
0.178290
0.459809
0.776984
0.554176
0.781657
0.780848
0.013316
0.985530
0.752140
0.507722
0.035037
0.325884
0.969930
0.962964
0.118529
0.293907
0.882143
0.623314
0.520434
0.190452
0.440805
0.110440
0.216415
0.174431
0.923660
0.408223
0.335243
0.327765
0.762777
0.931606
0.413189
0.134380
0.505980
0.071999
0.593735
0.998276
0.036082
0.844261
0.897589
0.425660
0.172941
0.260227
0.688017
0.496129
0.783318
0.053806
0.456493
0.247933
0.523557
0.382649
0.053651
0.602283
0.340071
0.131361
0.490554
0.451739
0.852643
0.441295
0.435279
0.537641
0.745541
0.091895
0.529813
0.741622
0.291441
0.358606
0.652255
0.416169
0.133167
0.972349
0.249337
0.379256
0.448241
0.805555
0.864260
0.198028
0.621249
0.909763
0.984834
0.386566
0.549012
0.529778
0.336936
0.142693
0.703578
0.719398
0.748281
0.248860
0.078021
0.183695
0.707504
0.762081
0.140056
0.972864
0.743552
0.117946
0.918462
0.652635
0.750394
0.273676
0.347324
0.576243
0.382038
0.515263
0.993081
0.882965
0.642867
0.553652
0.289388
0.848216
0.798277
0.535003
0.404797
0.210210
0.730641
0.590002
0.868240
0.098183
0.865575
0.547239
0.077332
0.187180
0.793518
0.435657
0.814485
0.704396
0.711632
0.401045
0.895833
0.912096
0.811004
0.661616
0.077969
0.692078
0.734168
0.127626
0.347498
0.856714
0.227938
0.310071
0.718399
0.811548
0.116550
0.143440
0.662201
0.194451
0.720119
0.347529
0.295971
0.116350
0.843410
0.953323
0.453115
0.628508
0.459923
0.617937
0.761994
0.041375
0.216279
0.353617
0.857342
0.719996
0.881936
0.295810
0.849515
0.980985
0.869204
0.135292
0.176533
0.716061
0.948577
0.839356
0.963946
0.367143
0.284378
0.287071
0.017513
0.878011
0.915719
0.443595
0.573685
0.247531
0.807765
0.698557
0.932911
0.309437
0.598320
0.993493
0.100745
0.363682
0.164720
0.363356
0.561779
0.284342
0.136043
0.517079
0.311376
0.729098
0.475622
0.082204
0.270223
0.075263
0.258883
0.138576
0.206693
0.707383
0.771490
0.666091
0.292022
0.281397
0.052795
0.531521
0.413297
0.590359
0.009615
0.639385
0.369256
0.656726
0.225311
0.871894
0.073903
0.676200
0.589183
0.442957
0.892933
0.438144
0.871175
0.291242
0.237967
0.847550
0.366898
0.137309
0.543609
0.173577
0.737960
0.829801
0.752304
0.649650
0.172610
0.605697
0.432017
0.050116
0.991697
0.889626
0.651720
0.868467
0.824937
0.257253
0.739691
0.722131
0.482498
0.187712
0.049633
0.608813
0.646893
0.230116
0.859592
0.639407
0.510184
0.209120
0.528701
0.872472
0.481510
0.094552
0.036728
0.875263
0.089908
0.160103
0.031443
0.636329
0.207466
0.056083
0.508787
0.454676
0.717777
0.421232
0.250868
0.430488
0.754707
0.658607
0.146755
0.182411
0.636482
0.500516
0.521098
0.416403
0.620076
0.987528
0.595546
0.971141
0.600923
0.486533
0.207992
0.964999
0.882933
0.372878
0.914621
0.669576
0.143828
0.001552
0.599774
0.734801
0.720784
0.592444
0.718622
0.390586
0.341386
0.654658
0.297656
0.250054
0.424903
0.574891
0.817987
0.339323
0.078865
0.994877
0.106462
0.978852
0.915960
0.602888
0.359583
0.141353
0.816242
0.964302
0.425255
0.911263
0.759645
0.016232
0.467327
0.670776
0.853824
0.851218
0.137962
0.637449
0.682291
0.414977
0.382810
0.378352
0.097877
0.743224
0.003997
0.925798
0.586500
0.362551
0.105926
0.119625
0.326248
0.480365
0.548889
0.801045
0.066772
0.588891
0.535494
0.483051
0.953992
0.108246
0.454903
0.122396
0.425122
0.693560
0.109883
0.618121
0.298995
0.831170
0.451670
0.661656
0.186713
0.348875
0.947640
0.563483
0.347600
0.465252
0.706806
0.681354
0.115476
0.003033
0.488111
0.075076
0.020233
0.391550
0.716543
0.012863
0.729737
0.083234
0.632066
0.954243
0.937026
0.009187
0.696351
0.634532
0.317840
0.698807
0.382331
0.875867
0.683444
0.688480
0.471562
0.749806
0.453777
0.844336
0.984402
0.716487
0.575908
0.224061
0.867997
0.365353
0.012806
0.102782
0.567080
0.382432
0.927422
0.788002
0.602589
0.369189
0.687082
0.848611
0.283090
0.137936
0.813196
0.382944
0.674013
0.108803
0.001277
0.950918
0.949707
0.433272
0.336273
0.795218
0.253303
0.469280
0.828210
0.976553
0.189384
0.232872
0.393152
0.047971
0.074483
0.451429
0.404468
0.893242
0.070374
0.843452
0.939415
0.354293
0.325191
0.249907
0.846033
0.272717
0.247353
0.242139
0.755352
0.570338
0.037302
0.831342
0.163908
0.993839
0.602053
0.904596
0.711582
0.148454
0.977556
0.012462
0.779737
0.445722
0.383876
0.133145
0.534683
0.590304
0.038179
0.038215
0.541438
0.230860
0.850530
0.884893
0.072815
0.399992
0.127512
0.659898
0.238819
0.368249
0.408646
0.099859
0.061346
0.537189
0.560633
0.713282
0.619210
0.996515
0.254405
0.529094
0.388473
0.370259
0.949986
0.196734
0.903087
0.577039
0.514167
0.062813
0.860853
0.129379
0.595999
0.849343
0.799692
0.597080
0.885089
0.558513
0.469223
0.859669
0.377717
0.229047
0.022664
0.772900
0.775757
0.169103
0.154030
0.874318
0.143421
0.290756
0.305660
0.752891
0.946805
0.171026
0.071048
0.707702
0.601256
0.464479
0.917984
0.320699
0.651545
0.292386
0.357013
0.568516
0.709857
0.233446
0.680207
0.098348
0.276589
0.541071
0.395241
0.292896
0.568969
0.212235
0.479795
0.749367
0.482475
0.532881
0.581255
0.797544
0.810078
0.724897
0.286735
0.681913
0.844290
0.319649
0.588409
0.032854
0.487031
0.883080
0.669156
0.251897
0.992300
0.717370
0.133516
0.436036
0.466666
0.164157
0.808960
0.466110
0.252570
0.134324
0.242470
0.884241
0.319433
0.489345
0.017440
0.185345
0.787589
0.899199
0.015873
0.147688
0.710019
0.801837
0.750910
0.827525
0.236900
0.089221
0.894657
0.842786
0.287975
0.144921
0.126330
0.570828
0.857721
0.858274
0.425712
0.885259
0.078342
0.240109
0.936927
0.056810
0.165569
0.265029
0.527512
0.443277
0.372273
0.565261
0.167824
0.593529
0.074889
0.601065
0.255735
0.390571
0.117658
0.932709
0.011663
0.858674
0.539674
0.218999
0.068893
0.259567
0.809752
0.567382
0.384231
0.102689
0.694097
0.860605
0.593954
0.694506
0.881798
0.684934
0.940084
0.851893
0.493127
0.484944
0.891968
0.404572
0.595652
0.569864
0.588174
0.111614
0.853163
0.596488
0.223694
0.617012
0.432409
0.153646
0.507469
0.069304
0.292651
0.073241
0.315220
0.030268
0.983026
0.092849
0.662586
0.297673
0.072717
0.494871
0.123592
0.267097
0.338948
0.347266
0.819409
0.457806
0.837783
0.970828
0.102441
0.827697
0.982736
0.258039
0.060716
0.502296
0.756200
0.468475
0.967600
0.542832
0.178686
0.125781
0.801807
0.378361
0.160870
0.641206
0.962738
0.526960
0.863460
0.288702
0.306123
0.230976
0.689869
0.156580
0.624979
0.631352
0.036706
0.700737
0.700878
0.105994
0.927075
0.524439
0.050530
0.397222
0.651687
0.009667
0.492679
0.153270
0.542791
0.425033
0.660305
0.508852
0.005904
0.135246
0.583151
0.329791
0.934370
0.537151
0.465549
0.746712
0.631720
0.347326
0.784567
0.602795
0.366844
0.866240
0.833466
0.440591
0.686987
0.843980
0.835467
0.652901
0.613543
0.572533
0.752839
0.422718
0.845671
0.829632
0.916286
0.077232
0.096722
0.299171
0.599661
0.480891
0.688476
0.093175
0.664979
0.092537
0.528191
0.000334
0.402756
0.311595
0.593468
0.086102
0.692646
0.738323
0.049930
0.269359
0.609404
0.973135
0.126704
0.500628
0.599154
0.579973
0.874725
0.166868
0.350968
0.838756
0.932851
0.347816
0.488767
0.911876
0.426785
0.548897
0.208519
0.049770
0.125816
0.535700
0.985768
0.460547
0.982370
0.895012
0.478458
0.468679
0.179370
0.947414
0.750084
0.587757
0.810416
0.636443
0.938145
0.132304
0.317771
0.019314
0.492913
0.993656
0.813161
0.984204
0.111520
0.204905
0.406391
0.819102
0.492346
0.919898
0.666767
0.257218
0.034731
0.431309
0.342339
0.623955
0.608993
0.852764
0.461947
0.710444
0.521759
0.090035
0.945089
0.998645
0.801611
0.726291
0.844592
0.863002
0.930041
0.446418
0.347103
0.373670
0.142723
0.625395
0.656390
0.326297
0.426095
0.705735
0.884455
0.123373
0.334251
0.988993
0.075458
0.132142
0.751149
0.466328
0.487458
0.144071
0.723132
0.313135
0.256962
0.560887
0.486759
0.672733
0.571289
0.932177
0.816950
0.354122
0.473746
0.469543
0.820443
0.068798
0.426613
0.162329
0.299560
0.831634
0.756951
0.119905
0.811296
0.150818
0.110207
0.765512
0.546707
0.631857
0.036647
0.506677
0.155623
0.620649
0.835588
0.507182
0.641660
0.510604
0.782454
0.185600
0.452561
0.338842
0.863635
0.065393
0.890831
0.296443
0.144167
0.601574
0.969702
0.777764
0.893216
0.608925
0.839400
0.593820
0.592382
0.916786
0.908723
0.974722
0.951812
0.875401
0.786943
0.986185
0.059123
0.338830
0.171006
0.985091
0.786142
0.749420
0.803056
0.739118
0.578460
0.948839
0.623265
0.835435
0.752790
0.340677
0.242978
0.003451
0.427144
0.029603
0.863171
0.976637
0.208825
0.562089
0.763219
0.518398
0.765224
0.893698
0.484979
0.237020
0.402433
0.207924
0.837183
0.814672
0.776674
0.211610
0.845149
0.275474
0.863536
0.531919
0.770794
0.917621
0.310022
0.839863
0.327973
0.534580
0.294418
0.325410
0.218119
0.550342
0.018968
0.149136
0.111201
0.693736
0.960356
0.495455
0.196995
0.836812
0.003015
0.852398
0.431665
0.622280
0.580235
0.142963
0.604656
0.505014
0.948091
0.333025
0.350903
0.832619
0.717181
0.140810
0.233352
0.590058
0.767177
0.472929
0.020787
0.433348
0.669184
0.211975
0.285979
0.637309
0.740925
0.980683
0.449143
0.582382
0.859721
0.507656
0.391704
0.405509
0.158293
0.219645
0.765382
0.440074
0.728381
0.685401
0.121586
0.069906
0.457162
0.536082
0.986121
0.622346
0.121494
0.487228
0.004206
0.925376
0.864964
0.087296
0.280808
0.153810
0.182752
0.817756
0.041286
0.589549
0.539307
0.169752
0.737349
0.920895
0.743835
0.322324
0.723322
0.705933
0.208599
0.047196
0.627733
0.624971
0.215036
0.465120
0.545202
0.147043
0.312676
0.278788
0.173653
0.235475
0.975888
0.107305
0.021833
0.717518
0.643423
0.547221
0.812138
0.943035
0.265785
0.585135
0.203767
0.357256
0.485401
0.986849
0.961171
0.612596
0.574611
0.288092
0.692827
0.844531
0.256471
0.011809
0.285318
0.736542
0.533363
0.737004
0.157729
0.999120
0.648423
0.644153
0.461352
0.887827
0.304776
0.162173
0.349709
0.385432
0.267593
0.341962
0.443879
0.673095
0.473948
0.581495
0.618147
0.515627
0.775497
0.327482
0.230960
0.185804
0.438965
0.378593
0.926194
0.552746
0.529449
0.415243
0.129739
0.959358
0.301528
0.380936
0.366394
0.513833
0.723190
0.340183
0.522069
0.420223
0.257574
0.437965
0.176311
0.973061
0.027513
0.585777
0.130131
0.841059
0.487904
0.499219
0.254153
0.264856
0.730883
0.712160
0.782067
0.793841
0.548810
0.192460
0.174400
0.187025
0.380071
0.184253
0.677599
0.102987
0.262693
0.901798
0.703423
0.203877
0.920768
0.699886
0.153655
0.298481
0.108694
0.345815
0.815115
0.149351
0.338221
0.017923
0.949998
0.568997
0.113319
0.655690
0.206513
0.430139
0.797850
0.286391
0.974845
0.215026
0.241060
0.953326
0.313422
0.728813
0.285876
0.870600
0.570497
0.602002
0.285022
0.429473
0.826044
0.206948
0.749946
0.681270
0.278962
0.613423
0.257552
0.921854
0.704599
0.208248
0.739758
0.002659
0.107579
0.603980
0.280855
0.993290
0.694951
0.461671
0.547686
0.820682
0.294644
0.852681
0.977629
0.509823
0.344236
0.784555
0.849403
0.651039
0.575037
0.515972
0.361681
0.718844
0.516482
0.285740
0.844512
0.867344
0.945842
0.080869
0.228561
0.827217
0.408238
0.068697
0.897161
0.529242
0.931977
0.318079
0.046177
0.079402
0.064196
0.434648
0.676679
0.710540
0.351817
0.735124
0.345431
0.335584
0.392819
0.585697
0.798193
0.327330
0.582819
0.529467
0.610833
0.149793
0.681965
0.827950
0.963255
0.466115
0.327146
0.041640
0.671135
0.348035
0.614509
0.274642
0.600471
0.211930
0.877293
0.708364
0.589950
0.106409
0.783973
0.049264
0.006120
0.976474
0.881715
0.515677
0.056380
0.529242
0.710148
0.988683
0.984782
0.326230
0.610445
0.952058
0.275642
0.727204
0.354718
0.846272
0.989965
0.310590
0.720725
0.461555
0.359688
0.395441
0.136889
0.995031
0.764726
0.289981
0.522630
0.396904
0.217836
0.891695
0.449009
0.630715
0.482297
0.263992
0.744689
0.472659
0.947391
0.814430
0.672198
0.474960
0.386712
0.699497
0.799517
0.718315
0.724272
0.080960
0.691969
0.978401
0.933431
0.858777
0.549432
0.931435
0.193635
0.505569
0.913854
0.023807
0.429965
0.627653
0.572087
0.630770
0.360501
0.877641
0.779031
0.129197
0.176499
0.843601
0.926091
0.509391
0.980377
0.539781
0.779947
0.150971
0.106520
0.123888
0.416636
0.387809
0.449887
0.465942
0.975944
0.487034
0.927442
0.193685
0.361118
0.667100
0.197389
0.839551
0.008881
0.779916
0.761227
0.714203
0.854768
0.282033
0.573607
0.131630
0.618765
0.119904
0.285015
0.610810
0.536273
0.154194
0.242253
0.678927
0.659371
0.748164
0.371746
0.901161
0.853403
0.145109
0.070651
0.762034
0.613869
0.259864
0.230786
0.023321
0.828634
0.509371
0.520365
0.183519
0.610447
0.307303
0.048551
0.663889
0.324773
0.847763
0.537820
0.346046
0.937938
0.803032
0.129134
0.086125
0.810586
0.560388
0.944932
0.830501
0.061447
0.622983
0.534929
0.958075
0.626421
0.799786
0.329729
0.474120
0.137971
0.809589
0.227253
0.680693
0.749832
0.924067
0.436976
0.948608
0.032027
0.274914
0.706977
0.215969
0.061204
0.450030
0.058803
0.838271
0.831277
0.003777
0.155146
0.415055
0.109382
0.506292
0.425329
0.218137
0.862151
0.756873
0.073607
0.846386
0.377291
0.786411
0.095284
0.732080
0.205477
0.273902
0.425632
0.123808
0.047563
0.002010
0.346637
0.170949
0.712099
0.976694
0.276543
0.734702
0.268163
0.835905
0.067221
0.550688
0.518507
0.172333
0.934340
0.368108
0.918012
0.395228
0.145358
0.690466
0.062460
0.756279
0.590321
0.742854
0.872614
0.164553
0.360480
0.290799
0.598613
0.415500
0.459712
0.935675
0.769680
0.459019
0.773761
0.511675
0.214139
0.331589
0.422289
0.209344
0.274751
0.377457
0.618737
0.050680
0.344355
0.383896
0.163004
0.340792
0.846828
0.255516
0.691932
0.721122
0.788350
0.852648
0.812609
0.449235
0.003992
0.618783
0.243482
0.530159
0.224606
0.622077
0.088282
0.324302
0.089033
0.635915
0.367764
0.256919
0.226623
0.883543
0.934254
0.254154
0.535070
0.071758
0.894016
0.530629
0.778549
0.338661
0.662427
0.353613
0.631181
0.740475
0.776966
0.408738
0.290799
0.902424
0.593010
0.392288
0.788027
0.458672
0.987453
0.455043
0.115682
0.906329
0.195132
0.122695
0.303474
0.498518
0.903058
0.317815
0.563029
0.801502
0.727476
0.108389
0.628221
0.540877
0.198721
0.807919
0.415814
0.361824
0.378900
0.052081
0.131424
0.128427
0.237373
0.476946
0.945781
0.387052
0.909063
0.623770
0.366320
0.618788
0.960558
0.695334
0.429068
0.905951
0.789049
0.788864
0.835855
0.637648
0.279058
0.230494
0.161833
0.879411
0.841994
0.636307
0.258306
0.031884
0.963517
0.324932
0.975878
0.403579
0.383710
0.706702
0.332906
0.322691
0.035069
0.274379
0.254275
0.412979
0.863307
0.820438
0.005473
0.658704
0.655961
0.505915
0.446991
0.883639
0.003824
0.405815
0.234028
0.269126
0.520178
0.156089
0.086511
0.536216
0.442849
0.327166
0.254427
0.416851
0.744067
0.149051
0.303466
0.039123
0.873146
0.212985
0.345981
0.851588
0.256967
0.774671
0.842256
0.711648
0.683281
0.284052
0.097087
0.762989
0.691825
0.766668
0.576676
0.727087
0.098245
0.681557
0.170843
0.233773
0.775832
0.880734
0.525540
0.815862
0.820078
0.295224
0.570684
0.192847
0.221037
0.972658
0.368305
0.468650
0.168499
0.091438
0.406000
0.868438
0.114980
0.576452
0.460702
0.639506
0.721525
0.941369
0.157763
0.741214
0.811316
0.982476
0.350351
0.948992
0.456101
0.949097
0.444153
0.997407
0.320434
0.815561
0.792396
0.387294
0.388721
0.279738
0.286180
0.481943
0.200089
0.113138
0.265123
0.517356
0.716056
0.487568
0.873314
0.151562
0.946024
0.903358
0.985588
0.177999
0.455577
0.344146
0.829104
0.027948
0.882596
0.283222
0.425242
0.687048
0.586182
0.166444
0.976809
0.650850
0.553398
0.996703
0.325556
0.544457
0.688817
0.644967
0.605016
0.031208
0.611888
0.512872
0.213644
0.635436
0.087108
0.171883
0.233274
0.104280
0.212012
0.604020
0.417891
0.933570
0.487977
0.669141
0.877711
0.682763
0.898830
0.423789
0.583576
0.703950
0.122276
0.916604
0.816662
0.909922
0.999138
0.085293
0.688497
0.206298
0.385405
0.380168
0.856294
0.212714
0.512098
0.739243
0.558597
0.898085
0.977942
0.539891
0.096233
0.754912
0.499858
0.152071
0.883589
0.137665
0.546263
0.718113
0.195185
0.390228
0.978182
0.784060
0.732579
0.387395
0.823173
0.407587
0.136564
0.115444
0.307069
0.367464
0.569695
0.916760
0.268525
0.099600
0.494116
0.023531
0.081383
0.984634
0.769707
0.005499
0.209848
0.612099
0.197542
0.756778
0.521477
0.646144
0.633656
0.646731
0.482975
0.917818
0.798129
0.459914
0.363816
0.368918
0.904478
0.750077
0.572661
0.472399
0.234368
0.233235
0.251603
0.754348
0.782627
0.844790
0.253214
0.042519
0.097582
0.085729
0.625407
0.066428
0.441701
0.282873
0.729116
0.034017
0.397553
0.388199
0.113782
0.809872
0.044071
0.942211
0.275652
0.320015
0.828143
0.826391
0.423896
0.808244
0.256499
0.429692
0.379530
0.569048
0.532923
0.854116
0.732157
0.782078
0.265769
0.784332
0.379512
0.073183
0.370794
0.646377
0.574834
0.427008
0.294306
0.680403
0.607034
0.076150
0.681616
0.552495
0.238687
0.991888
0.615810
0.130552
0.026832
0.601462
0.551829
0.049229
0.651586
0.356923
0.070870
0.688935
0.377569
0.780543
0.580082
0.193907
0.773142
0.611788
0.082597
0.154333
0.812459
0.680852
0.142855
0.577548
0.485328
0.133756
0.172248
0.773283
0.039891
0.634008
0.160084
0.777986
0.983106
0.165824
0.974848
0.943199
0.964055
0.063916
0.360789
0.312999
0.665051
0.894836
0.754815
0.415501
0.825567
0.814891
0.048697
0.093428
0.523974
0.029609
0.421590
0.998737
0.842093
0.979781
0.367865
0.376310
0.037554
0.879056
0.045254
0.761709
0.348976
0.228098
0.068308
0.217993
0.558954
0.930314
0.872163
0.736597
0.439860
0.634135
0.771625
0.427271
0.207453
0.926868
0.840563
0.122086
0.107312
0.005099
0.736618
0.018501
0.259067
0.446675
0.596222
0.986490
0.883454
0.709230
0.124926
0.164734
0.037175
0.980289
0.008051
0.470876
0.980579
0.003927
0.766640
0.650836
0.303145
0.508989
0.183731
0.492191
0.931786
0.863878
0.425937
0.826615
0.146959
0.582900
0.985339
0.946385
0.731595
0.309177
0.566699
0.059945
0.377834
0.899118
0.044970
0.411537
0.476579
0.233455
0.618139
0.689891
0.414855
0.379840
0.280364
0.350980
0.505988
0.732005
0.740431
0.479835
0.677593
0.750484
0.910529
0.816427
0.042371
0.929901
0.090328
0.570602
0.476730
